pi,mu,tau
0.19560245976946455,9.30793308953651,2.7855668021824025
0.9773803638521558,14.104928280196004,8.801689596300582
0.5795929618288835,11.29473032687794,4.9622021906118094
0.3027165864719261,11.958200367229775,4.337538356638452
0.6785785116013223,11.748023269324618,5.574288390458406
0.6494789824198457,12.248652850879044,5.8584197885619504
0.975479190870657,13.120564540839636,8.574976969078364
0.8605010654255548,11.51748999988027,6.181585491402194
0.7784562370798502,12.878788003084745,5.639420187752795
0.7047611306695124,13.580165367135685,6.016722043621758
0.7301744777484129,11.041792962810602,5.597034666610687
0.5478233342166934,10.622427871371073,4.614611652917179
0.35597088725039633,9.922490248343193,3.6600360281525126
0.250922269428794,13.120926625692498,4.218116447004533
0.9319040572795693,12.770038842881538,7.534042286106042
0.6262795922738321,11.244819176928242,5.7150444460466865
0.5173092143017658,11.254989134394926,5.442819763668615
0.4523730115718602,9.913642614537192,4.343587067015645
0.7867441253470643,11.71578864782784,6.653664546003762
0.028836925801384864,9.531133036826953,1.623235195055412
0.3810288133679778,12.569269877697883,4.035820450335387
0.051080660948851796,9.833752216739585,1.9497212788907068
0.7679947632976758,12.202411934925697,7.021513567295999
0.1812748183374687,9.744029734318993,2.870701809471923
0.36242252568681693,11.300888049878584,4.219232838917836
0.36879090279715065,9.956589771806721,4.345539534000248
0.8472136754911591,11.57580793477726,6.485832411741303
0.37821525232900643,11.621446704090182,4.142011781614851
0.09107134470748603,10.856740280801814,2.7273352279296112
0.22242603338867356,11.323358208390317,3.3200440458912377
0.7181543107074086,12.363914020851716,5.431605997625598
0.08565741458089592,11.333288220856945,2.9113732873565805
0.7847679229173021,14.114731108161017,6.292823909467972
0.44169284547447996,8.306538568087763,3.9639990616458767
0.20333129805545555,11.931544872623933,3.928950707052222
0.7260365407115351,12.1500960096437,5.9728342342412635
0.9383286853692504,12.738376398682819,7.73744718487287
0.3609660120988909,10.257158888688137,4.318690563188825
0.5162798047480014,11.749254362344704,4.478106995375217
0.8081227348122497,12.733232961010032,6.137149381814615
0.6018555365453581,11.046022425023025,5.202888791371865
0.2795495463274613,11.371427665976777,3.7079255450018853
0.6148418154320101,11.02890734943304,5.309140143729666
0.7851495893632988,12.689781606820933,6.10470398768771
0.5731338465789954,11.461625846524619,5.342128326817674
0.8294584346916141,12.609270196039713,5.7417541390148985
0.9464716233835183,13.606924856792356,7.44267800171532
0.7027998360708528,12.06784674792257,5.998841357004387
0.21026474306049683,9.455205339810917,3.4346888879676105
0.8616776363238491,13.371024163326037,6.161375442996235
0.9578353359298707,13.208508766361676,8.3979973335232
0.6779546931330588,10.652588299286865,4.86905626312422
0.05876706557028247,10.543867461229873,2.497678854513894
0.531904058815328,11.360463021057289,5.547038129294473
0.20139603810322168,10.71592866076888,3.4201448090042708
0.4990820704537494,12.617172483247309,5.429288464683307
0.5593224949079321,10.704066885292601,5.130326211359359
0.251806019444393,11.619572783492474,3.7981347541291863
0.2680794352846941,11.804023199009885,4.244580263294442
0.6558914854826925,10.852565411764434,5.631092514610639
0.48021715228633016,12.517748090093193,4.879323153988281
0.8466991474678572,12.279229644684715,6.716111859317445
0.8955369795063884,11.780777915466658,6.996434685348048
0.6583122270833776,12.185573008838437,5.373012291735655
0.32801730806347507,10.369323138337062,3.7410827666305444
0.2508361530737357,11.282090172300618,3.961880088516913
0.2894993981636543,9.732760175733096,3.485941317831331
0.16055521414683402,12.667461105651968,3.187971050628136
0.8684850068303513,12.391165365920886,6.48424891151865
0.6078807575660694,11.292279362221441,5.472390120685262
0.018156136180354648,11.46954738358393,0.7870854362574444
0.7279315042551281,11.76701924079855,5.778930096500797
0.596700120706957,12.296770948238441,5.485623885075159
0.5682659061586866,10.967602113768349,5.063231798705393
0.09720058764610633,10.166215911460718,2.533651381834588
0.858363462821833,12.73604429626086,7.149210068144619
0.7314388414119043,13.598575896520746,6.128952346716554
0.2415598583361489,9.967661505938581,3.352791579140337
0.3161727905726317,9.798045184991418,3.8132420667267297
0.8004371712965944,11.240920718437707,6.280225029939903
0.062426472298032144,11.484681338708002,2.34685102507469
0.5157701798447376,12.251353776409129,5.227690118027286
0.8097669515316497,12.23567505782375,5.894207245648143
0.9871717632591938,13.0646766197802,9.588584287273784
0.12579963301836108,9.594288374172326,2.827730821039846
0.08980067914415593,10.443774394182904,3.279991998676662
0.5780439059361663,12.8195686661941,5.332181674892257
0.20657560941622227,10.9796095191788,3.122320052724467
0.5345117584902155,12.946254980616969,5.224488847292505
0.1720785873011495,12.97853386758116,3.7262477530718514
0.6395332908104079,12.807493721740439,5.618380580122371
0.5536966389624385,11.303807626141754,4.740095866016785
0.01160916348646298,10.032075319824584,0.23687667853392513
0.9128865502919594,11.45246309414798,7.358190034335869
0.7362611829023693,11.813355747333764,5.906984743160624
0.47981655423701064,10.988228332775298,4.808179626610234
0.5829083174345613,10.87755757116331,4.862472683494243
0.3326018181403711,11.286202847984772,3.9075668471346265
0.1570678313576429,11.10269878827749,4.158267609514123
0.21042778671760584,10.802009859758043,3.694377275448533
0.010980989202894352,11.123683048728383,0.19952838906872405
0.714039112862125,10.680534382542046,6.068162582855103
0.38071060893654335,13.109657498414856,4.472016787108595
0.1646995996858716,12.458968325734368,3.115416075859925
0.2547417350307986,10.51534755050735,4.004594251479347
0.7827662547565969,13.930069041753141,5.760359770696001
0.3856407966056159,10.167440410497772,4.601463042339823
0.5126864654401909,11.93244784107716,5.6082605403001065
0.4276300542982828,10.871346063107593,3.935638681653587
0.9429380604661707,11.714976402952114,7.581347138385144
0.03397981941642394,8.267294162385516,1.1543803195293363
0.9547283292171863,13.580986111463048,7.9132286339198705
0.023316945419781344,12.246108262760355,1.5394734070231215
0.3543385309951802,10.516459671548482,4.153632654233511
0.42194797791232685,10.957709907411422,5.090444115030714
0.8760995836399157,14.14656728534976,7.481197917979843
0.2937324856897626,10.610405478822502,3.8338935590953818
0.02775672703790139,10.611532991126523,2.040796399839891
0.04837258570965433,10.046588013924982,1.6423865920997225
0.6897210168256378,13.467030170462984,6.381266620381366
0.6854411348387836,12.899735096307813,6.213720846631608
0.36925293694579836,15.288579378658628,5.173666546871587
0.6252225497244774,12.245849909670483,5.55808873010156
0.7653020872814383,13.315788708262712,6.339168222664517
0.25082229230488035,11.161201476645976,5.161878089576217
0.4189539193061639,9.97467151439957,4.08573841910505
0.09846190933793969,12.409604140871574,3.108254277555704
0.6966327310993847,9.61269183404602,5.31109370916127
0.2808403201711812,10.215168983297392,3.765021935705274
0.28758700409639876,12.997214988457728,4.305920506320345
0.44889463876084296,12.047107182906146,4.284490961339486
0.652426839944446,12.861139129958088,5.899045551455717
0.04700257426584918,10.00244844293737,2.289267625317779
0.7044072814886952,12.757230532068588,5.7243484240672835
0.46541721803498703,12.92334883618749,3.7518458285880207
0.8310250790869013,13.226673829745987,7.190202066937526
0.01642247803010993,9.859414098439947,0.9683414408131799
0.9114495211276916,12.217206562366625,7.410500699031474
0.49720509303087806,11.694694513934193,4.960980392195115
0.23208391994378774,13.032624417775656,4.862835354160801
0.5552371736954655,12.299190664012846,4.553790651917545
0.7616001413713344,12.196626050450492,5.690979970296723
0.30210124262469557,10.82215798562934,4.65559296547515
0.7508570972692076,13.46965824066133,6.2538878050003746
0.4850898774126955,11.624572032558246,5.515985613794448
0.5271368316785882,11.575998936384455,5.233727351774379
0.7070065847762281,13.032029799165365,6.492001484477094
0.7957479068473334,14.282814101708524,6.353872226483075
0.36674879774362296,10.962797755386585,4.10455062927922
0.837161624674411,13.263741500303267,7.061798735299327
0.8314657619137962,12.260092315497438,6.924229528567181
0.587834074195404,12.331999453562457,5.612551659859768
0.2630178175090768,11.018016432480572,3.9762967642766345
0.7324241570270812,12.838646405623301,6.611862412226321
0.6706521326236031,11.117553133552228,6.138568711516393
0.6773758538724994,12.387686394613084,6.212211978359608
0.5376010181215677,11.963517659241234,5.053962939224591
0.1566330428391452,8.680436806275901,2.8193062418068933
0.4398064218354857,12.17258663993039,4.7413586554059375
0.6897345611680517,11.816506015400101,5.967684627681917
0.087071433687894,10.048187257577364,3.6500268254538244
0.9381852582873638,11.72302130779601,6.9814857528781324
0.023794284751834437,11.200368297147829,1.4599417109588115
0.8805621436406399,12.409709824256947,7.231878194794207
0.8306488134761578,12.615489199301672,6.422172783267679
0.8877476048907933,12.926742159259849,7.262566627852645
0.5132169605128902,10.74539960396685,5.635378453605748
0.6847544429131724,11.28595265807309,5.95949865943239
0.7519246139641794,12.100677257604609,7.038901323334268
0.9487571729043758,13.587661979713648,8.732141695807115
0.3850388519526036,10.073511391166464,4.573333181566787
0.4389921170532075,10.568383794549595,4.326602039070744
0.48701748718515164,11.490086784082596,4.512110561383094
0.5471793671872995,11.665093335906802,4.845237046057617
0.10028205138201071,12.338678827204845,3.2497280863134392
0.6717524347403618,10.94515146358146,5.355421034887536
0.672361212908473,10.054878540906603,5.458561645076317
0.3957894558439124,8.871994078888811,4.039037964358954
0.36936154330392856,11.877701792184466,5.036691678525678
0.46339599647599644,11.481087804914313,4.576666002177042
0.7352653186283435,10.954669772979772,5.5100537433237
0.13816873409957303,9.048176390744839,3.269667848064886
0.2996152748381486,11.04742697801355,4.513777083981571
0.615526417500219,12.009771304813649,5.046927026152769
0.18411930391842118,11.417428848782668,3.6076461921856433
0.6057506329826348,11.550196944574079,5.119279269357646
0.07896398324082513,10.688195722179707,2.1252506206772375
0.2548378977470705,10.047850093871846,4.749827643824468
0.5155628546528059,11.154760296047339,4.530883342730971
0.09062255804790985,10.45310697850341,3.0936582935529775
0.5824084628366879,11.659290056445323,5.179719565956884
0.040461814170056495,9.575129445916714,2.231910059532747
0.17412470902996333,9.675363410602772,3.6061959699426263
0.1609079087585454,10.192778909500724,3.2837335140418302
0.0905817932773542,11.249306701349795,2.4073802035878993
0.12285601576560219,9.951422531454433,2.7350129127804412
0.5815234698779561,10.784654451734838,5.0814466119583805
0.6342338547316742,11.885366176374585,5.36675596960139
0.7572820594635152,11.345508870778497,5.924166722605882
0.27843046737559196,10.961548001034194,3.8513613843951817
0.8404348783842501,13.412341775191996,7.041834820559451
0.6676822626790792,10.253689783354975,4.833073174018631
0.7522115519280295,11.068393562369602,6.2184789835174
0.8099913254272767,13.26137377411492,6.213948512122367
0.39415507816304546,13.912382616621901,4.794680518967967
0.33039543729405757,13.249359383756165,4.429784560016025
0.24623786010345514,13.17389034999699,4.329728368940739
0.5645864838324577,11.601666218903873,5.571180623477232
0.6753575277898928,11.876282644961073,6.258361461491128
0.36996177319222734,12.000521212988424,4.557129291141813
0.8390165879407917,12.18090391521461,5.95331653895443
0.632138010198673,11.391300982735622,5.541110148326188
0.08781343842970633,11.076729295604007,3.126911128059892
0.7185566151827111,14.113405818180727,6.010242980870954
0.30505619314032373,11.083910845520341,3.99536512176827
0.8443569744578389,11.545345501730813,6.555322268191949
0.8315287008456982,11.062288370262593,6.840608849564681
0.9783451742546916,12.120746700676628,8.870680768112425
0.43658449112181547,10.311267693595981,3.995686880161357
0.4554531622478136,11.246411749761071,4.807003373019252
0.6799827786952678,10.073821109478116,5.44932916712834
0.3087032650588171,11.452415619497412,4.41327921006225
0.052132052301150075,10.292421350944162,2.119911226288698
0.05275996804044314,11.689964930300214,2.3984489509543923
0.8698938294623282,12.911089493942404,6.528173708653026
0.32548905525308536,9.534930979614558,4.420124820672867
0.9663158440737073,12.577501315413548,7.549516141287305
0.47739443259417613,10.683638490883304,4.754088363504147
0.3547818578615068,12.575251900264613,4.333340911249006
0.4499974938768177,13.054667396407115,5.318516729386366
0.7689530084986322,13.094973922805202,6.158957511658838
0.6297566511377723,11.73886205477793,5.954823999873055
0.9152040824191882,12.021419708685874,7.4577661936315085
0.7939977232147585,12.646305461422328,6.501126416345896
0.9676317760050832,12.779409588665924,8.637673057777693
0.07097293822023636,10.54804876871759,2.670262832081185
0.33319037421833125,11.2984560143329,3.9303868228580554
0.11346226494788614,9.80404495771789,2.9642577630972236
0.5762173678603484,11.724958564469976,5.468141623174324
0.1351777730740547,11.717737731353214,2.751797085265758
0.4608224255297889,11.80323890479034,4.980152484314058
0.8850044955545928,12.414079188020906,7.532608010143969
0.35445235689767546,10.337222170107793,4.457000113392347
0.19247510002432666,12.759192432672876,3.827833583119814
0.38143821261939537,11.346020370778506,4.5456576773421835
0.8562946905190617,11.606390482648722,7.093609165008402
0.931051488393806,12.743007424445349,7.501065609352997
0.042049826998375624,11.017234077491416,2.4024530814114717
0.13936592242517465,12.100121321005004,3.5645157249982393
0.09111881485121945,9.432095998668782,2.339760168739871
0.8877176093442833,11.620874915219163,7.166096196051313
0.6748739077215262,11.927635671204582,5.442452361146437
0.8606967065575115,11.388385184556196,6.5700832812356
0.0961102398340423,9.540405800453941,1.966064874845188
0.7554756092314651,11.304371258308395,6.167825471189496
0.029084895038588618,12.340100623383648,2.1666268076269914
0.6449649686293086,12.097391358808663,5.676813841675743
0.31611620169364296,11.325990425797507,4.3253348489242125
0.90979947335448,13.368856599828433,7.868764370964434
0.1563396560785986,11.22821607672775,3.5319632844096045
0.021541383274726815,9.878814605613087,0.964243438336426
0.7868807309790457,11.688380419936202,6.487469705134006
0.48934107051853587,10.832281955524163,4.909645178377781
0.7504768838277042,11.603386140016262,5.947820781080595
0.4890993995231071,11.75688696913512,5.297678466381607
0.16000128139316083,8.482209358126404,3.371947433101692
0.31413331250937376,11.572967318832857,4.721512558049665
0.2620532659432671,11.996988951854373,4.220556878504945
0.7452037304419336,11.250778623374867,5.744081301655125
0.5903546498886657,11.990864831421868,5.3819207133450755
0.6455531691392434,10.175604685715243,4.801775212064144
0.6213525664313816,10.726925486710075,5.449392085481485
0.9573223750618921,12.81425138990339,7.662782455221525
0.18884379423057734,10.927705857840563,3.323881475594951
0.5209496110805002,10.341908730452667,4.949876248747745
0.019720373413136278,9.696708378136446,1.3963663676035296
0.8724596014957712,11.637225881555484,6.278559802425699
0.24251567310465227,9.580837068647893,3.2797790309644324
0.8111788235968123,13.818806068247792,6.77724006135461
0.1380416662088908,10.55239727116353,3.239021772887855
0.2986232592301114,10.530804702376201,3.907347075552135
0.5911036628012183,10.925915681153684,5.6139864262540415
0.4128793736411795,9.63291593398477,4.175840414705485
0.8689872617495693,12.222097323601728,6.775927183195763
0.8946128869116894,12.582936860675517,7.012122551116995
0.13616248441335624,10.405153218870195,2.704461459516154
0.21245669848242404,10.341894802738604,3.942911879819745
0.6701425486918655,11.210131549193282,5.68005086001011
0.22052102504037677,10.366156141553262,3.5756214733208456
0.8183938529619693,12.088540168723966,6.415215630423907
0.5946820139924208,11.598820038284096,5.769150285853857
0.39504860275366377,13.835306557454155,5.5002709171710045
0.9656166931380002,13.217133302863237,8.361014098260764
0.7607982049172154,12.247276569668939,6.1701830201928365
0.9122672689685608,13.274092765927763,6.972422842424133
0.9817921563726744,14.015578196281425,8.390422444747275
0.15809586483761454,10.848308754723565,3.4798438038975466
0.25692761021942306,13.335910179712235,4.929793322661588
0.20672007441207318,12.941287909155031,3.680499282437555
0.22492727281872374,12.365269101123946,3.791472240466215
0.982343481348059,13.139313595174876,9.059934543582411
0.6361338542605466,10.659042415207285,6.06003814497419
0.8592588083193469,12.818217475907614,6.868809696096415
0.927567777687503,11.846138404092933,7.422102200836777
0.7179416440377081,11.847598511844911,5.878157346196052
0.2272785966288066,10.731954634488318,4.0549983769802616
0.988220389869199,13.213544915263311,8.554886509478672
0.5483713817725351,10.76575883759106,4.588554343774176
0.31125436418093955,10.80025708030501,4.046982357280538
0.610592949192129,13.524388610913206,5.143541963275902
0.03309382426543553,11.365896965277779,1.4724996333291702
0.9317759761045612,13.248824389159994,7.319928711359238
0.9673583332312152,14.109670209453473,8.176589288170872
0.3395738199656436,9.473761337346527,4.03858205623893
0.8810267619618899,12.63191693132615,6.4681957821099925
0.6581901561763441,10.723180021408949,5.124198718780403
0.7302848049663039,11.89708417457362,5.823513616708202
0.6230261376267132,10.103602761435951,5.541323408556671
0.3514530484782215,8.762474597119855,3.3992963368652216
0.7094434898252776,12.025889930794872,5.969279672433178
0.48961175580116795,10.048115130583005,5.056556324600924
0.3070477887413331,11.93936941255747,3.238782479221981
0.9751177328307561,13.906728433605117,8.373294876210919
0.20020577072654594,11.392237058375168,3.606836834034676
0.360132081535471,11.884581135210405,4.676878135274739
0.9599955017838437,15.271742888068536,8.290311632411434
0.6729915750683378,13.34876311708405,6.032539157331837
0.12418345710937222,9.919340199678215,2.714426732579893
0.17508631453457438,10.589656259575092,4.050200876882193
0.6370797101196448,13.12961602138762,6.294103826435889
0.9207261044753224,12.676597023665288,7.426109452300778
0.020461810937122852,11.164052927147527,0.8895469947442005
0.9967992432433501,14.459232191866542,10.2495354026314
0.447731645599728,10.556408006373935,3.8988162572425855
0.9344435234296606,12.446256846454535,7.407120895249671
0.9790634978592829,12.929270265195688,8.294964187248718
0.42942877385009043,11.223487213358467,5.264470165524124
0.08569576076781157,9.715124649741506,2.6036115722430475
0.10397695142506971,11.264798601244843,2.73697278997708
0.9089812226360259,11.987737350645398,7.47180547373162
0.8242679318778866,12.934948638159453,6.842871250031887
0.15486136073027013,12.024318452161356,2.947564753180511
0.5708122473437656,11.436583954130985,4.899772661227221
0.9065479918681296,12.69092520192561,7.2243119908503814
0.36760330188251844,10.842513910321937,3.7984223558576393
0.24448173763420777,12.49255524019211,3.8919965392185687
0.4653688386912644,10.600898234466346,5.230733472017964
0.8686789433418366,11.241716519362146,6.1893762359387985
0.8140750815681917,12.261512696834775,6.606362033567498
0.940223528830001,13.274153484054763,8.105966613904654
0.9935036616610448,14.892055538075635,10.154243710608357
0.9889167305892441,14.176413584080956,10.173555074614299
0.7165494126911612,11.059392369186295,5.902489050659919
0.81517929676568,11.822761109557149,6.0272677057362705
0.8961743346971555,12.47222903391699,6.802091340742728
0.12833483888939104,12.19086439432679,3.5830990989776494
0.540037119871495,13.099693684738607,5.457148515094265
0.012415497751625074,9.489016220121194,0.8370821771832333
0.8388528405361468,11.321279446802023,6.383935730511383
0.744241131462907,12.176225707851971,5.790177454561434
0.10661145710977658,11.740102206749857,3.3379779375573544
0.6176220418048118,11.423471246140329,4.928147157740239
0.3928542372368127,12.20558602921021,4.36281724532654
0.7081621772865784,11.931393621902394,5.597137541565239
0.1323308396551583,11.897535976817665,3.081640859978384
0.68535585012596,12.83548581094237,5.734361515340245
0.7090459641195396,11.754877080469967,5.591468793813812
0.46547554795889695,12.844248069506442,5.089443711888587
0.6857766031467312,10.607464085442292,5.789057631335559
0.6092143869292388,12.156001601508848,5.379366652789284
0.9605476447108382,13.172873095600085,7.342975799837564
0.03442613386643803,9.003403455153206,2.3298545189372737
0.5365203313301234,11.99623682347986,4.811676027225814
0.2742466855711747,13.124629623616093,4.43799207657005
0.14258801978219318,11.840867799984025,3.6333128182074392
0.1262948130076542,9.43025915258734,2.4779625731442465
0.035539015098065334,11.05704375548781,1.9375033388680432
0.2416133117242909,10.25255091042503,3.8011317489025602
0.09031917034620282,7.962524832844484,1.9748223428038068
0.24560083824209805,10.70137322883654,3.962721765801179
0.6385799087548517,9.500309383225185,5.085585575647622
0.38865341378476903,12.178995931477118,4.548220539026812
0.06776043737624271,9.210054569304237,2.1541177572463073
0.28372152120895117,10.37329758217832,4.081511038869018
0.35018630784019555,12.560216675309878,4.856278741701042
0.32432189491787394,10.364428164994338,4.075562054529083
0.6471138324867445,12.401734120551072,5.928368172195325
0.9700851033598656,13.651176669580297,7.972146750022081
0.6676633694706906,13.041338083408586,6.386930704801673
0.5321150979474442,11.795643099996935,5.7719936034145425
0.15837169994674388,10.896418757478434,3.2797726586848137
0.8341513662319421,12.811297874330435,6.984930349284319
0.3998179172572567,11.544011809073224,4.838127112685844
0.4593875057412891,11.157830931493345,5.67184664573158
0.1053668431741486,10.204915407852175,2.4257547298770623
0.04834236570731533,10.055490844991757,2.792094778718387
0.36681206634826763,11.67737126266977,3.90094881142167
0.8665678728320423,12.266979500451555,7.035652438650666
0.6779487488127044,15.220529830946747,6.160969660050412
0.6092953580356119,9.312346717122681,5.050120676703815
0.3326197521791805,10.7784619631947,4.650806362856526
0.5056699724495723,13.556610633086084,5.148102950791554
0.9250724110143586,13.274718288717914,7.29198695317524
0.44779467991179656,12.046147929783972,4.751657661771237
0.5240848098752404,10.947480917619732,5.405560787184941
0.23391282928875193,11.43028410727704,4.468974139523513
0.45317666600038686,10.449855004575618,4.577229315256863
0.5857146564121952,14.000889445495796,5.508461374912041
0.17581924759389742,10.830518064616351,3.0260083155103703
0.5272753874046032,11.185072864575819,4.89621421372684
0.1530558015538764,11.103866064423201,2.929834101813545
0.5546237407953674,11.266805625284597,5.31108822332619
0.3775304982679957,11.188981064580169,4.582031836385061
0.19312908310465907,10.473659106468633,3.4439446192065724
0.9618095468796215,13.232166710584059,7.827230006417274
0.8832201939638983,13.167088542398472,7.188715253334054
0.3478907339501092,10.470860520374371,4.615497815926576
0.5147126931938183,10.311868327694741,5.48547645566345
0.935293532696142,12.55434836369095,7.657190229521664
0.3818161255999465,11.17288402921373,5.434148783659319
0.7928614442744322,11.782732884215303,5.999586283571227
0.7145242140147288,10.833402255920614,6.159927639658919
0.7054499878419166,12.646883957625242,5.662831105987687
0.923249779918926,11.693868145777177,7.243958884937086
0.05539183540999091,8.988180025259345,2.004732057782609
0.94965611421923,13.802422955059031,8.195464715842354
0.3710705184674241,10.76826954646327,4.680087954312212
0.10699612237026945,8.750802253188354,2.511746297627426
0.3786539354111554,10.557083129899512,4.5021764027651185
0.05350213171076574,11.230955411536184,2.3568059276243654
0.5273661719994819,10.201597541054445,4.403074221019153
0.37806272801989016,12.49120906841498,4.989333583240712
0.4020912718370513,12.328380792540809,5.325302318294949
0.8493083534700793,12.109714887259937,6.721616598914597
0.23216115188550748,10.164443101925515,3.3964065166245048
0.876969625611122,12.446239583739315,7.101810886602763
0.45375134546906226,11.1964705659271,4.597811846403698
0.7849906742881153,11.430739962996805,6.188579052129843
0.21039038132634816,9.105525319502117,3.103469360084082
0.06160768169171937,9.584242622384377,2.1978257846472533
0.4547606391141175,11.747458407511232,5.256522877513482
0.5539160335490129,9.826551433178922,4.9995485256614804
0.3451748239120836,14.356953808455083,5.017680561728772
0.512386871595187,11.817458120347169,5.156022034827077
0.7413610517374996,13.652034193705614,6.671982160722022
0.10778156104541763,9.949233013544799,2.031271576286905
0.6755603022919723,13.002505063791036,5.959110174619666
0.4037081793409478,11.733679204522835,4.5391840682754205
0.08312930967376476,10.115146214823502,2.7311292622431167
0.9074821020903179,13.775267074043821,6.908263760347812
0.020075932344900946,8.16115993423563,0.9797795303420688
0.8854666719502963,12.337587727483756,6.911345652486441
0.10398469873316823,10.152052304600577,2.8326229971125927
0.8094923516174426,12.654958605282692,5.996646452980349
0.26280301442764964,10.63554259072728,4.261925280719652
0.7524315548877814,11.536708922651126,6.279283681864751
0.3399331285558188,10.315227737960967,4.346186306561147
0.6568301585360145,11.363833549494608,5.868423806812556
0.178247897104898,10.731850596786222,3.5301856671586505
0.17061485824635983,12.19674203178522,4.035636195653821
0.8681899906302659,11.486954652567299,5.718801438709916
0.488724037369852,10.965730519285975,5.1041083727572545
0.39635352014224084,9.346920542858511,4.491825131974798
0.7481209720440545,12.66272859117959,6.033034223641901
0.1142992819537228,8.70910318814643,2.5442530057912243
0.06137666554993989,10.514525152217718,2.144210015250865
0.22440312953710292,13.130568098261032,4.075471611800714
0.3291097291520877,10.560301428818446,4.124086037132307
0.9797724453903626,14.118930555228562,7.944515688722036
0.4180959884385454,10.095948295191256,4.46501116150802
0.0575886086213587,9.616582781829521,1.7032657343480628
0.5326493068850425,10.696742613263051,5.316175172898775
0.24402957237523384,8.982929319635746,3.8274314031780694
0.34000910308689697,10.516835401150642,3.6632711704096774
0.8206388008076381,12.498003512370074,7.140967456483731
0.8772693838067328,12.063619753336365,6.741371325885556
0.3559998708764152,13.28043429030802,4.371685650897714
0.11370471167275946,10.91602438234199,2.970567958609162
0.7814253654387717,12.211667781847618,6.100423303672368
0.03282861129176542,9.545430053363049,1.3502651134765915
0.05768346330625954,9.725221843341966,1.9727645936931548
0.2053472088709987,10.425987123913863,3.8718281281526497
0.6705149443513408,13.356206425108297,5.8234543827496275
0.9414211633148283,12.935314628487069,7.365721162492235
0.43350923299329713,11.300889306899638,4.95735835543662
0.26912625343204183,12.941713123445417,4.4040737947760675
0.6916161082291831,11.92142299765034,5.562596595826201
0.868350254957502,11.770542881704177,6.218920498595464
0.8376319941794568,12.501417882260451,6.219702249896778
0.804672914043003,11.455893364309324,5.327108876128236
0.045453685296067095,11.0637709224973,2.8632542456283416
0.2616234647766884,11.82507684503699,4.441478196207733
0.8856360990152432,13.239223844331294,6.900856312070914
0.946070278120707,11.919263029805103,7.244780306278143
0.9635393494912596,13.733046930252417,8.32808428689746
0.5392833194736432,11.328971677405395,4.823682832125916
0.7690733079773792,12.065228760901077,5.813377493148447
0.9964538783013587,15.200173950625363,10.759833130097519
0.9525417066822107,13.233065967898659,6.928695053927559
0.5293488320975224,12.466487789218625,5.902940968247685
0.19622014561062304,9.116298990590932,3.270766004917909
0.1513880972075046,10.397530383054791,2.8602442778629737
0.8653956280706764,12.50975383011009,7.01939006064547
0.7932499532284746,11.098234226990783,6.2364823938876315
0.5944090873421761,12.558746254991615,5.61627601463743
0.45857180104402306,12.030401713682576,5.029954265928238
0.9286793210218591,12.839003427895715,7.912188686963235
0.4554378819374987,10.657163615640107,5.4459774651924775
0.6378610123082402,11.638053028737781,5.85775325281413
0.7562628200885133,12.442103456990504,6.010806473273819
0.2963682544303708,12.049720582464179,3.9601498428821933
0.518112734430908,11.770418630442238,5.291745947205968
0.4175710815626598,12.615624537257307,4.946377526367043
0.3948991701321488,10.349245670350374,3.9617462695420307
0.7462008962140462,11.50311659375438,5.652068432504963
0.04894735731707807,9.849232224760163,1.9202211193880778
0.1550060402793709,10.75239537051716,3.4035171011942458
0.27581287279164135,11.71677569420316,4.004035032447327
0.6486817430446862,11.326522923611584,5.670834306853716
0.8340636180239658,12.17554523196338,6.528821470004219
0.6724667809523486,11.544558398026343,5.858375220849757
0.9785668220477168,13.326987199167396,8.152478656866528
0.7022766563774011,10.900563830751599,5.535023308880797
0.26515680923489815,10.461502794439681,4.410567832993661
0.3066358000520471,12.645059156870554,4.136487983316316
0.9511650891969736,12.282777443969788,6.594861996733128
0.22508133501198693,12.998362084444,3.818790004399894
0.22843366981648716,9.5756228645953,3.6071493707364883
0.23482741709439686,10.309530799191833,3.4669735753008992
0.11479345139317922,11.905731966743755,3.5526487935087516
0.049910141980006255,12.320784624755921,2.3539190387393427
0.47645160094565864,10.598386667880831,4.5098940959558105
0.9228096100951991,12.814198392104593,7.222224331194065
0.802864066712623,11.005957612689754,5.746481907928546
0.6778053189452001,12.897247525231139,5.077430126736612
0.540083359637303,11.728558454177497,4.947399554521683
0.018309221761161197,9.254186662395977,0.7146833439437895
0.11872258004157664,10.787110424999874,3.133635331772764
0.09987965780147368,9.508542318341728,2.4986919430079038
0.9292042806386505,12.871898166378733,7.37683671545437
0.5856157274606485,11.039616973722428,5.269368828353481
0.12997585234894196,10.14648431144284,2.9749194276611917
0.11272672269737495,9.539170322048967,2.7309644642465134
0.11722330070986929,10.479044158044331,2.845514390676749
0.07057597546153282,10.71265830730787,2.7855569868501378
0.9173691603203851,12.13359514742859,6.78449627164159
0.9493013789260533,12.590846883439877,8.08689266728105
0.8675056145964468,12.927640273273735,7.206893447223022
0.2756291874547608,11.635519798892215,3.978858992656015
0.19798111119538306,10.035889950575482,3.7389435262490265
0.8797691218499741,13.80155225485939,7.03211013608105
0.049836864007753626,11.879711699095726,2.3327550674548245
0.3752580905629727,12.404403327055913,4.7248916164747605
0.8544270914501731,12.306101973299672,6.572236336605549
0.0957825332238613,9.997047643630806,2.759455303614953
0.33912864842739043,12.856427953775334,4.99697043615342
0.043729446765679525,10.248778946921844,2.450010604058943
0.6497727409787337,12.668720165008207,5.917814607273771
0.7938650794789051,10.582636108937226,6.192049213388553
0.3410111311050593,11.55301080401165,4.41717061617512
0.5907326364688751,10.761530730357546,5.487103998790222
0.4634392928998468,10.84115165448064,4.76842979964746
0.3953923386470183,10.075802711536577,4.378067353062784
0.5053242265076273,10.21859733627522,4.323154693451237
0.09352304534169088,11.131094743875613,2.8657567860455115
0.8690572108405368,12.888204431874975,6.805889352327485
0.6535181735205171,13.062104705468448,5.941856997058343
0.79175860697817,11.123688468590208,6.748118324315444
0.5966726131906546,11.367467774489327,4.858617037946848
0.42917133694096515,11.522583501100797,4.496213776161414
0.22250854277133827,10.9800898305607,4.009022433101775
0.49588233110622953,11.77454408915212,5.06647107765818
0.07567211281997038,10.166578626695145,2.0789231482093036
0.05082053393717438,12.062480954608112,1.737285701531777
0.5253337846092351,11.551365116802456,5.155897465381779
0.5363744971035704,10.661939764055889,5.251986359004282
0.7945358248296414,13.003671373428045,6.611852002844143
0.5966969788583398,12.350297287245477,5.416593047422904
0.27731993246707687,11.331744971601372,4.476497208927998
0.7574725317667947,12.215911773635497,5.7442101344792755
0.9539579013865149,11.101924912786423,7.506378476994769
0.8544964955533225,12.855033816445106,6.204965145843118
0.2750009058210268,11.340087667309382,3.951656159568723
0.3430466021420036,11.699299443974024,3.8753435663407827
0.12300961333717744,11.380429337312217,3.250801146311723
0.9544889800033072,12.812987335898129,7.848268036478751
0.9368752545560589,13.704621060210865,7.979022812837029
0.754628692444203,12.374565902668824,6.444491758734367
0.33787303263777513,10.250105280063417,4.295277040258333
0.3899100746884691,9.935869734703896,4.575990720226066
0.11127002069197912,9.176894053719101,2.902628398188114
0.8404725673947628,13.015200036828986,6.619407002431101
0.8443772641142447,11.34262029358093,5.68165392128496
0.8081501834273601,12.422935365718358,6.548385669406456
0.0838241562641234,8.699553696940844,2.4369745585326847
0.3414545941745297,11.749442541275904,4.156852354060373
0.363694359633515,11.218208270911493,4.633504039445198
0.1702613920805247,10.626322159651187,3.550270812916145
0.35735016893848975,9.184525180828638,4.1605472987509735
0.9170266481849125,11.470097966365143,6.695248597823246
0.8964691700626795,11.591389758069829,7.565793630399567
0.07978897608721192,9.115333200717627,2.36032620945502
0.7213549661720026,11.35288110291775,5.59733665962802
0.014953480132770727,11.082126276686191,0.9891063740206474
0.27242990903376907,10.271919072215827,3.9931618531554096
0.3990751551531872,10.634872625758511,5.150400315064518
0.45567929656630524,11.86710232092695,4.899018854433544
0.5295687296503867,12.119157794703415,5.21039468973135
0.727559505125903,12.251128001680787,5.925892873500229
0.4658188803592535,12.253764261834066,4.322819848463387
0.7494641154198205,10.185554471827071,5.289805732184674
0.20937121467000494,13.711806649008867,3.8683383277665446
0.9261750830652032,11.330376210668781,6.9317351172095
0.1337783449785083,8.682734840387628,2.876430594017918
0.4739551074923322,12.402489271411326,4.728634777118905
0.10535737412157699,11.024296893049824,3.3208524932266217
0.5709336683706309,11.647762141129556,5.116647362961796
0.6845713532782924,11.50711235110081,5.6988140997329095
0.969123795327089,13.94762643722793,8.591639388978525
0.916263467268565,12.964787410365737,7.493892075219785
0.867126731460401,12.554457523142641,6.94967360117437
0.17776861842313788,11.13042681355667,3.3088342831297917
0.7982968994874038,12.479014991179033,6.3944951532647325
0.25113552200806155,11.291920430200898,3.690435330145088
0.35693918728867957,12.21433411424725,4.36842112876099
0.45738620169454125,11.251195673403727,4.845203506535127
0.5460963226140015,10.394123281888554,4.934546345733025
0.8960483240412737,11.715373976163308,6.580525204287727
0.7778807780004973,13.437857553672696,6.657317523419603
0.604826886227531,11.641574230634877,5.717376182826515
0.4280972310700242,10.319745599630396,4.591854635877912
0.1754326107013136,11.184008881775382,3.5787624763022023
0.12593562412097836,10.094374684364169,3.208760454452811
0.24136908311676875,10.80438784279843,4.276448097099558
0.10541196773288904,11.752063748048242,2.741500991230285
0.2131350870170649,11.246761892367658,3.7961093533896957
0.23364670559909842,10.540200289174315,3.6643425661845477
0.05606694732014026,11.662752996160235,2.677392823179934
0.6764212220025329,12.523793638535281,5.406062121481602
0.792982812140938,14.34611668830718,7.158406255614257
0.030509980598197955,10.848643755289334,1.3781619318000795
0.8632512210620714,12.399798676027343,6.5446751431834675
0.8045549292194056,11.750061562023065,6.621801381736463
0.8297934983276218,12.892914197315319,6.751542181583724
0.28081887819323953,10.941069215262168,4.398492664139959
0.6250904239436771,11.166911813425239,5.449080178217231
0.3751642429925502,10.25849367089982,4.181070669612706
0.1019975715492091,14.317961675707199,3.1087753860454987
0.6778935172188637,9.959322534070148,5.6662085051815545
0.9840336132700757,14.86350289817039,9.610566666778386
0.17254268107765797,11.217694412454485,3.058294580529271
0.9492930551057976,13.335343131188823,8.035264177646257
0.5098364522770216,10.50629144552528,5.265723176408702
0.00911529244142676,9.641709894306882,-0.033781182163846624
0.4404349715134868,12.014974058563183,4.886202162254022
0.05885797681532727,11.791232408063214,2.8043234374764725
0.6455338213221474,13.13336978081439,5.768465950275237
0.946497401883964,13.577958931232317,7.631508813367989
0.5121151119965075,12.056463432513999,5.259725102861521
0.3290018800136633,11.390073106357455,4.120476844035247
0.3925260428093965,11.288768111175875,3.967046423222488
0.5707905559477741,10.718806469022915,4.549900825226027
0.6801846566455919,10.258095180528318,5.034358348110123
0.6460612785056823,10.290669457006347,5.291248264757882
0.4803381424374658,12.939217989346465,5.042540203574856
0.9211466917459858,12.031964381096595,8.134863034120322
0.31518890840085967,10.097384252909228,3.8612394220277553
0.6715693364716273,12.610332940112151,5.354720465603599
0.5728477802169356,12.587646763365237,5.503559589136147
0.712674411355376,12.036078691270442,6.065688647844201
0.7786441679345179,11.309494326231409,6.130862054527675
0.6255416858495795,11.314092481505256,6.256853077847273
0.896078844622477,11.243857941658423,6.682772144937507
0.6977287433380882,11.50827682927418,6.300008268587094
0.2510083371621036,11.658930525755132,3.9735559612239033
0.1389008195235815,9.783388503891306,2.6715413825644827
0.875371129670718,14.36506195744838,7.212653570120487
0.5746007893050387,10.940956013052352,4.398477470117426
0.6493840765208757,13.279897825170213,5.562066004070326
0.06184756745563274,9.503946219906046,1.972629922519539
0.9338441976396152,11.974839489970437,6.308233267037583
0.04959501218395161,10.917776516425874,2.042873618465935
0.010488509431400296,10.42233188720365,0.7149774141088572
0.7179427965395389,13.349283434756144,5.971258616884264
0.6340475048362777,13.57583186410874,5.8226148017724855
0.4183060036947233,11.666920131900246,4.633032805390074
0.9410376856109741,12.4528228436898,8.104394771859935
0.17083833286576117,12.506055412043404,3.798712718470248
0.7549434133268215,11.152146987405452,5.748771294904174
0.6873032238216218,11.105394055666132,6.218491285881159
0.11337318693707511,11.823111059732934,2.864719762140762
0.23294505208064215,11.847260625059306,3.128493820588879
0.6971508236024583,10.980838239386383,5.400210017945958
0.9142418194952832,12.969920643300595,7.135792151083997
0.36512904175649286,11.259348134182382,4.2968612136554505
0.02792038720337601,9.655492712186017,1.0743831338067542
0.6670226261518285,13.070696007562761,5.7857902562071875
0.8314876961060099,11.678185175733967,5.941708995520796
0.2229728440862957,10.0470405414948,3.1871293888490007
0.1709854625718308,10.915299741945287,3.456109229333518
0.044957439542578,11.4525343205197,2.136176119446405
0.22708834419735058,10.92594893276123,3.6475006387653583
0.07449836379585664,9.775609772406892,3.3321654850577107
0.845877255230597,13.083799926034068,6.621240128986473
0.2237476163028138,12.86204287768017,4.759328273070613
0.9459293750185742,12.695574822676212,8.158712841144766
0.2555850284395241,9.967934038957324,4.0031392967472295
0.5756548496394747,10.919140178880212,5.284923324340797
0.7611263343185776,11.372519646712561,6.212336685748883
0.1680719774037061,10.219113299593987,3.1364554798489834
0.7180942243004447,10.686843145375537,5.952071149883199
0.6392695129410432,12.400412289934785,5.512920212386146
0.24511677082652586,10.816935337839862,3.4705502652681597
0.5338630195898717,13.114521853017967,5.383880763131282
0.4168036944790698,12.12867976661931,4.697749805699643
0.4831417852269443,11.31296155733524,4.980125205176474
0.8190410671337297,10.822016867080546,6.387009125955537
0.9440724771968796,11.253640731411762,7.753237114144965
0.14343997040997475,12.238333413579527,3.7411227508964733
0.7500435400024091,12.13893418135251,4.791982182292201
0.24852852498555686,12.728009400088133,4.395540881146462
0.9044622458902088,12.821485465562949,7.2316376294105265
0.5952071144498755,11.720744558386974,5.3664204446380435
0.43458323491887924,11.60648160139756,5.082227207421566
0.2245809345681076,11.177888610999442,4.359430874743048
0.9729051081131385,12.382938973284203,8.699709659817065
0.9417400528197274,12.48268699451572,8.109523228636855
0.9238267439914736,12.767525438488994,7.49058771677686
0.7199371634819415,11.244824745164028,5.811492604987857
0.8272291691161193,11.337036295670108,5.706937168314068
0.4002082316525983,11.05090694214912,4.234570932196867
0.5210321366221846,11.697384271383804,4.3850125270001605
0.8037770636282515,11.290899973827159,4.777531578438317
0.15114038864015175,10.631090581655416,3.0021221483537626
0.20541453800654821,8.821435863283725,3.413768058830162
0.060516361043138366,10.656935805071535,2.3414372005059088
0.10286725621350522,9.69657816163526,2.4312399472646433
0.5818569744320417,12.628820692936708,5.3059470576124825
0.5176681855163534,12.761554000693428,6.088020238145621
0.6209949130786365,11.733610075544773,5.986727019719613
0.8216317136039772,13.251092800366543,6.896486620828293
0.8469875478305621,11.899846312226302,6.26278667623745
0.6384889621179176,10.614913426564495,5.165401377238359
0.28288806192526983,12.584701111298534,4.636304271558695
0.41442878041364545,10.61081711787923,4.345301228554104
0.05759486381321589,9.703827127877227,2.281239723214793
0.35752614879809574,11.707726350644085,4.389699864634478
0.21831173286140745,9.978435965427389,4.357695687396066
0.45139733609285027,11.208854995752805,4.8580533738434735
0.7441578114430293,11.644723131412178,6.572252430806547
0.23023316324240112,11.61174277225954,3.9370343305459112
0.20771206862183816,11.364893354591494,3.583095250798625
0.6899509301051729,12.100070843841957,5.409688397674136
0.9404867418498439,11.543124139655848,7.685540399006136
0.6771041353227892,12.238207701747122,5.584992053040978
0.6464931342970186,10.643666367295376,4.909119126208089
0.9605154528973526,13.49448967841901,7.809715372222989
0.8191659935905804,13.986799800784981,7.203789549303537
0.2874291735241119,10.418922781322161,3.8685836443304957
0.38543339023718026,12.890624098197678,4.276439808443685
0.2753084760722813,9.775378426514731,3.8531597818035226
0.9403585812817641,12.050144827510707,7.983023923995586
0.019424416123838564,10.293940436360733,2.0884065620931356
0.5761369953879617,12.165538396102447,5.680249082704128
0.8217131654196087,11.71838999057456,6.409387469616837
0.7837073813356354,12.300910921025503,7.1314010569281585
0.14633513924638603,10.365107412414705,3.362683801619412
0.7771496321236436,11.460886571170914,6.464012476697796
0.7735019172636092,13.405925406097706,6.369495207479545
0.3489194893305893,10.437425486806424,4.570886848166155
0.4208517306181841,11.780324171152891,4.943539909659494
0.7589484709082491,12.713947222181602,5.994804258010621
0.384755672053628,11.306873614496668,4.048245040386409
0.8232209567335923,13.971996455626151,7.057268017946853
0.3046789694088037,12.434313957135231,4.111459896442621
0.9577407802457364,13.75363982840361,8.249102496546538
0.7079428051999399,11.636642770498945,5.778949549240998
0.9201262121560793,13.86636906021944,7.343265292740838
0.754170212858676,12.01663379112261,6.935298550995828
0.7733823522642642,12.660860153183952,6.1596551177493115
0.24417094116082047,11.593045241474172,3.841405127736393
0.9622151593965923,12.847027394802721,7.574744219207713
0.5560015955375271,11.303424306710161,5.555160137679906
0.12549678329226188,11.118076417870295,3.704045707734366
0.37271874815365025,13.677836295451698,4.801350961281668
0.6108296900312875,12.972994540442567,5.828366937503792
0.7821831214075304,12.429555392448467,6.35935971233172
0.24299028361963224,8.842485330796777,3.5045780351437386
0.07863569955235519,9.811860118811781,2.3339345716082045
0.6862823722506173,12.71816310087197,5.917701715685859
0.18252193042090062,12.023407452547588,3.9790034123378235
0.33309381279739614,11.253585200968466,4.188257251207295
0.7276355137459682,12.825011965893358,5.945786150128805
0.06650135633428664,10.266745548861374,2.4669472191178343
0.9271005564685981,12.600792800155682,8.153827170428105
0.03760317911609501,10.520133663191595,2.194163843141567
0.4684949389953934,12.722494422754782,4.44705817797444
0.5039367823629051,11.817406120863462,5.414138672469526
0.1152501614736402,10.130932381367524,2.932149324092242
0.7151333287111171,12.341562292905493,5.8096137435353095
0.006514714369483556,9.748275692397819,-0.2742135381874631
0.7390894659821132,12.195880239030725,5.304660254294904
0.915013192758677,12.581223420257347,7.820814830276635
0.6211861896247997,10.365826341290205,5.444596523320117
0.7194549580791398,12.09992661788194,5.8097738473791605
0.4289109290887959,10.516330616176145,4.473420436582617
0.9657419514094198,13.758213782651204,8.223979077079543
0.15250946383939243,9.244330330342718,2.9777273493416114
0.5865414093828699,12.039385871257776,5.3853053076155595
0.19319650320301834,14.042697229342208,4.329451873189668
0.10729849831554786,9.806683419841029,2.978515135888117
0.04335913050849192,9.614112656834662,1.799602725630641
0.564157006106395,10.445502675499277,5.379270950464359
0.6161321314736848,11.655060814347536,5.357574793632287
0.8751181084772585,12.273367720643908,6.717594581910921
0.8817010059794887,11.359791801136748,7.096628317836145
0.05641873740150071,11.09603039594352,2.390675474814427
0.7779809990392074,11.804001009445429,6.173614999134569
0.9964550279987741,15.381381814036656,10.424287841992692
0.6684461086861871,11.341184586497237,5.819282610812233
0.43822739290708673,13.49848284482902,4.763085778765862
0.4762456708644726,9.934016452510264,4.067140144778902
0.27406080516532483,9.32469384296435,3.7287850289296047
0.935858464667128,14.533826808837242,8.037853182781449
0.6765525432357992,11.894952289624243,6.297878426001011
0.5481655733407297,13.273529370417211,5.490143907499443
0.9041107012822569,11.48525914638598,6.964904033012358
0.1572848951142704,11.337147338612667,3.813427959427959
0.2273564061200697,11.57985499700081,3.6486516189599487
0.867018394305875,12.571095481453966,6.933561297804059
0.9837291823823656,14.09062208424871,9.026017128207542
0.18890750306379958,11.066235923580809,3.7512931726550383
0.10878628580743499,10.260275148479767,3.794553066354312
0.34602144858418926,10.69614379097962,4.34015787958691
0.44313437411807993,10.967643165012975,4.708343683760612
0.9944785217070117,14.115987070870442,10.385154025596346
0.9893736126101084,13.59189022977635,9.485118167732114
0.0958635989764219,9.802358866280368,1.9822939659323013
0.08837648262075755,10.308821172045011,2.763407344086157
0.3180008248877981,13.068825058569576,4.576696187307882
0.1589607248449084,11.59459947068536,3.6197646713129545
0.09642398954754751,10.859492157737503,2.6818088847496417
0.7071446355765462,12.8872708718825,5.914771052166228
0.6585068354775192,11.836196362724296,5.413003646746608
0.1067739279871336,11.100926224541263,3.007105673022751
0.625833776668487,10.923175566446119,5.388621308754256
0.22925445576340553,11.062812294791602,3.612208513897456
0.8936250012813411,12.411428887491418,7.518681092849521
0.701712212508308,12.326278816951493,5.900534196942999
0.027355238435572443,8.498789349284769,1.7845860372587592
0.023258233483975165,13.159498338093147,1.349503998782049
0.8109015219856637,11.439553737520793,6.325289612828092
0.9688429924148251,14.460426086134133,8.812594355947489
0.8495544608005444,11.41020450964311,5.702321062581926
0.19394621212248453,11.13493243901679,3.5410686152032484
0.5525472330206036,11.668344556099788,5.633645814763567
0.8222447637161365,12.389857794250991,7.666883085921347
0.9876402581640606,14.435829296236886,9.115775384789973
0.9278233112682831,12.508472659631286,7.3660702392597015
0.25065714884089224,10.231248243170324,4.225705999496313
0.12296987685557635,10.586533357132842,3.117119981042868
0.2768068903856353,10.965804005439862,4.0349908426057
0.26036773602086716,9.833660819971128,3.7328199324335922
0.7455704477482301,11.571963054599953,6.206786413068491
0.890955781900108,13.063604783861464,7.784445618129253
0.0598668107147452,9.281310709578102,1.88363309913315
0.9633795684046614,12.368941693655108,7.772376983122992
0.6719962326355358,12.601637262001123,5.7855830068651315
0.8160373162849719,14.12842040540673,7.032663481148955
0.30016793226073346,9.865930650199997,4.050408007840168
0.13269549177497567,10.197587312608295,3.2248810867934514
0.37416010449332526,8.3265167331816,3.7119610637169966
0.2471035550071776,10.080699221235394,3.479491003865692
0.5819968564194847,12.33552179701781,5.485402117714024
0.946590340068683,11.90344882779941,7.837580936899489
0.8807743482153184,13.91044839835552,7.355599412718487
0.6521912321270802,10.576200662629807,4.8054640699242706
0.9669298944531315,12.972572797495417,8.173515133878434
0.14535652078289085,11.196304189457205,3.0854548050306017
0.09628657032087251,11.006944356628653,2.9054562172198746
0.7016921991116608,12.298773234553568,5.683353445445593
0.45044495095166837,11.610510962429613,4.9446639611256415
0.036894083154797946,8.781610958854644,2.300748098665576
0.6140491804869163,14.1030557469156,5.6885384210050365
0.17369701846575175,10.879382235596259,3.615038946819746
0.48159377694181676,11.93717523061105,5.0545956817298885
0.2920270457821748,13.465246595893856,4.358863720954133
0.07513095632172974,9.27888470644156,2.0415038173075093
0.20592072530325473,11.8193504992426,3.7654831843162797
0.4448353169118709,11.463896313999857,4.919884909239664
0.10688450506111404,12.026800959775278,3.001721917394293
0.5540469367538593,10.623259257730068,4.9300181198891835
0.19468834789878353,11.19702930913092,3.6838584202507554
0.6617105435768511,9.987265548717255,5.37492698246787
0.8750840751429757,12.646191512921948,6.743860555551715
0.8297970367128977,11.556360895274647,6.653331814257789
0.20672834135933027,11.813746133809607,3.7774040728279115
0.7133009741800739,11.92666715965212,5.735839292328209
0.019376180746603845,11.422908595162607,1.2909221114132592
0.7991363477191178,12.883039653260939,6.6370394085911935
0.9796412803449671,15.30598178458826,9.220204793625305
0.3313274268895353,8.543512677192817,4.554492709417319
0.18404598784916906,12.023514219651037,3.6733593127390582
0.635371599040943,11.196656488848086,5.442031511406131
0.6564990286485505,11.33279083319577,5.436889132712159
0.9683605236775045,11.883822100351605,8.833059090511734
0.3208340956260655,11.340795325155769,4.581909764059943
0.26919566386138877,11.100640441530686,3.931154182665698
0.6913122317522611,10.37169715586265,5.641276481261165
0.0975541042755864,12.10496962533206,2.714801709774833
0.6915526795800742,12.21675249247996,5.628899322181989
0.6427740042800973,11.418229235161027,5.428314277185368
0.5433984441016626,11.54383267717093,4.694550493350009
0.7316969202465515,12.128327686750584,5.7817098272041285
0.14979754477640989,9.862071306761484,3.240770066254538
0.5379724773684028,12.075309615419402,5.292403397140618
0.7166606564815678,12.21587665303495,5.9591588186504865
0.08302995654744912,9.971500268431882,2.71212970419674
0.6216972629493559,12.56936277197178,5.628993013705738
0.3589614261070727,11.194416222829858,4.372175119257632
0.6043565613733802,12.426937681002237,5.592307796127181
0.7418815501173479,12.098280777700497,5.316373058433902
0.6639477012058965,12.1617056882603,5.539311384791481
0.3384077170705058,9.537209438855003,4.349283922196977
0.8585850287795318,13.186406202479812,6.568368157795822
0.13091123135567612,13.021551471251202,3.540174022969089
0.24445384438490997,9.727523261214161,3.9126155836948646
0.7883937551338358,11.237381670313507,6.260087796555576
0.8501365775134182,13.164403448309056,6.794663325724086
0.9096175586714257,11.50357554236756,6.823844725058353
0.26484506145528935,10.692867177786994,3.9749644574613656
0.10118810850993311,9.372208162064465,2.4515961958864736
0.935256317733074,14.76990052545682,7.3082960340309615
0.11686772121358821,11.929116410711984,2.978055845764076
0.37171005115036193,10.548229016266987,4.402726317519168
0.3694272161550462,12.79070517665284,4.713752104643781
0.24596488091469584,11.093805966452692,3.4584366517590013
0.7330545396345175,12.524951641910064,6.083249060228632
0.09638320281453414,10.72642370756829,2.676489332517732
0.7368576601121576,10.886783740462562,6.387169529886566
0.9085784108802283,12.91993809723889,6.07835512236605
0.9293775631034372,11.873702409556394,6.98452865331945
0.3909937939239978,10.758833661334785,3.958238471327142
0.5515067598610903,12.72445120035257,5.018363649466389
0.8748411525795511,12.402647089609278,7.1202486275450605
0.5550668775002396,9.469872879905566,4.059308477414902
0.07851683743615234,11.242555172152947,2.661790424023147
0.5943063829542281,10.681601825784117,5.034519364120177
0.6709148985160034,11.627420338280118,5.726091843790677
0.3048686209233993,10.522480318446414,4.103787412625957
0.5129979876627384,11.776196401588583,5.916099344243961
0.34846384716710843,10.474142839655244,4.835479616537172
0.4923162740072399,9.788591786925002,4.862646432613893
0.24904340646225612,10.852190895004117,3.7545707567820963
0.46591947581722304,11.229818342873152,5.122729655323783
0.05180324378381655,10.925998903177064,2.1925141221172946
0.6486570990588867,11.10078449123318,5.82363675119287
0.9596764002074976,11.719859943936454,7.861709787492619
0.6375631249919836,12.026904936963074,6.050803010046946
0.4601966715699659,11.670666816736823,4.857052332477821
0.15565137484535788,10.557359154811513,3.637891535407374
0.49013422697739567,11.490170548286455,4.810585497628368
0.18143840322326663,12.251971544136895,3.4786778290510547
0.548692604904073,12.929273014102375,5.440853205543036
0.32342066287165877,12.502549416704012,3.199727235724766
0.9627256421725842,13.95492169398715,8.538375356357982
0.4150893797361251,12.94452291539444,4.64129781751855
0.5636828847875156,11.033850988752771,5.083095583588657
0.6597418566740361,11.611336357453531,5.51414678291582
0.3733371651578132,10.999168875154721,4.714454009306114
0.18661367481357663,10.373458795974239,3.5213721356005747
0.4110192136126992,11.391150884626379,4.641536417118518
0.6924314720579445,11.575776517666522,5.564940678343383
0.9199741941590681,11.981957039110336,7.243027353160785
0.8977917155590956,12.751841215450767,6.268383148330166
0.9054184371381677,13.39294795423114,6.586974965243725
0.8519288953570017,12.321567600265372,7.211100237536055
0.7554780165043098,11.673836514513898,5.754750272186385
0.6023098892448755,11.325600610903782,5.547792376467931
0.19784091995799305,10.483452274298392,3.6437421798883256
0.36041187667544394,9.500702511797954,4.369753146532258
0.5630827174656798,10.230836486420438,5.2216239684133114
0.15332214991888196,12.194513697725503,3.356862775353795
0.23627420024759757,11.198829116889062,4.581472273574057
0.24298171077581734,11.444801700817855,3.629144933464458
0.7934491915050347,12.810168983887861,6.3158780898638245
0.520646325119173,9.823707937624645,4.45937067061935
0.3656952977677638,12.004362620103432,4.08902967959515
0.7160155966340103,12.568013515003823,5.828020580779491
0.15503882594014784,9.946992020842426,3.4122661818760287
0.3894450525999006,11.099018457346265,4.3154567410529
0.24127744772462253,10.480940534367324,3.067423143152107
0.8808430656882166,13.300638206653243,7.075830721781607
0.9184375270189731,12.764089561708897,7.711406999153696
0.7051939668980138,10.908107405337745,5.873912325697515
0.898140001587565,13.366297091996351,6.936607165495143
0.16379811913887418,10.60855930559343,3.721977548852919
0.31897144685090023,12.342697484849962,4.610302367048474
0.8343145547019666,13.168377898252661,6.687800699923715
0.9369955842166056,11.408766529217687,6.971092567519845
0.7202733175828769,11.649954490207776,5.354876479922852
0.5677750242744527,13.042475535191159,5.641199381684558
0.8694466320936586,12.340975192625397,5.794198205670144
0.38398864523265724,9.610646872204638,4.312902111411555
0.826233412665781,10.717611267551678,5.8615819691162265
0.9587179115536835,14.25223354167135,7.742548792159563
0.05698109008286372,11.400589792049468,2.062675584592789
0.18017712337168446,9.641729122700953,3.360691588343795
0.6388608206112854,12.150330153848984,5.515721403832201
0.47407916962717084,10.953963708826242,4.736950812686582
0.15827630128255996,11.915180959106303,3.817156411513506
0.04141518125773797,11.176386471881418,2.260992612057952
0.422901605488882,11.3485136464563,4.696739288554041
0.12143230955358847,10.098839259677296,3.2927794558041312
0.5781800585053314,10.815192036202024,4.877061356908245
0.03201556486603189,10.646107991823062,1.413231301986916
0.981539068197434,14.613341759513215,9.260136783125597
0.13038235407471924,10.749670130667903,3.1745471186393788
0.68169007926039,12.936535666411883,6.19720403547694
0.8263597172314727,13.015673554801383,6.883664811268512
0.001775184690348196,8.20200396234492,-1.0189860177917343
0.49154152626384884,11.285140543212977,4.721403169610365
0.26038976238544725,11.054283610405736,3.9632556905958736
0.6092097494158767,11.6946379654575,5.442516085070199
0.36779861427398636,11.156956265770628,4.5408948497150465
0.07218460396136464,10.6494310964016,2.3737191235757984
0.33959587125406865,8.507189819875876,3.9014781314845344
0.21076926649067887,12.31258608745929,4.464925787479846
0.29459328798042944,11.08912533528838,3.748665592663162
0.5248946773827798,10.697695149307501,4.919149196315064
0.18031273288566033,10.427417591167337,3.596765602121593
0.7269423382462755,11.24508056421585,5.917896567882077
0.6855236413319004,11.990893342056104,6.067350117643209
0.42694633029183543,10.286891404302649,4.000050904708059
0.49717486138861194,10.772211007303309,4.88454876674998
0.04539842555577798,9.764117040563162,1.202439259391443
0.8891004989553661,12.12251265756615,6.790170357763939
0.9433192222951697,13.254079518784478,7.987667229711805
0.21749977022185168,10.590910155758483,4.662065558003953
0.8279410335718681,12.631130564802715,5.8422140455770135
0.8989010127690891,12.35723953168857,6.934863851268461
0.10983706948072393,12.280194081128089,3.0895538997530325
0.2378600143746917,8.911659406102611,3.735472212365457
0.30584092074122116,11.294739888405793,4.019336088294894
0.011680088576290429,9.181555578898488,0.9812652780349799
0.23432770723475208,11.357919601208536,3.4346540588539103
0.7339987318528083,11.729872439979998,6.330449851937681
0.09511293447284525,11.084413296084724,3.4415649028969617
0.3422383983425736,11.016044378062801,4.280221453626159
0.9498013406107059,12.57784056120496,7.656663761522045
0.6025139001466188,12.40220205606769,5.499179658455004
0.6137858823369688,10.358872914729455,4.551351537772818
0.15151184461330414,11.358155288541292,3.3039127581388503
0.4242914925214036,11.483676517317202,5.237334952782625
0.8622217211196537,13.63404094966376,6.853087175085626
0.02356521979657567,10.349542130791647,1.1581945210473361
0.17309303264051934,10.810960582977177,3.413423290279871
0.7709932626423556,12.099925592530749,6.273428818074463
0.2751904932239301,11.032415978707355,4.2202137409679965
0.9587275811480706,12.972535736714232,8.103861390118173
0.03074821769485333,10.374498556752613,1.865044855419005
0.41355058364890723,12.345101979292895,4.456091163331388
0.8286300978625429,13.121588640803388,6.811981755362307
0.6093606079280064,11.395979977720618,5.488266150537234
0.08371654860653764,9.570694391250427,2.3676133188159945
0.5864000319070172,11.518576848494803,5.854984196593152
0.05893136336990809,9.380154445444498,2.1017128527912092
0.017618422075142495,11.721212871782134,0.8960413909493434
0.5258757044358032,11.538794510914535,4.835909987485921
0.9584763931880343,12.938022245639509,7.8584204789506105
0.2804803520303885,10.824755788960976,4.242603816052248
0.44001198801237396,11.264029428167648,4.429466844256254
0.21244223472336657,8.788093301291129,3.0695982073448937
0.4731559652978421,10.924444855537125,4.902200785272573
0.91023417488757,14.12481693949113,7.306095791359435
0.03495322655144072,8.309218421927023,1.5497231374935687
0.8707148039180108,11.826361125697852,6.204742449648682
0.38555473141516794,12.853222314592871,4.961226693313829
0.6521253870105754,11.508989518897073,5.78531020235808
0.26431570648986275,11.248605963771292,4.477016264646458
0.7158717869162018,11.961478343508661,5.697544344537159
0.8900871369150517,12.36641447793454,7.200167817572076
0.5538310331608771,12.406741565784042,4.874421696948111
0.4306297236184631,10.72535363864716,4.691586431865744
0.14874642837126065,10.130371000111309,3.412185561159742
0.3108823033769197,10.994423497698875,4.129108018450148
0.21121893877225242,10.35837732158501,3.1129152342438418
0.8093783451819553,12.709351897750146,6.359674597596205
0.8014596672287558,10.031574742117229,6.080784246637445
0.3185478216000587,12.068108543812667,4.889923055618448
0.7710788060565926,11.39616904809193,6.445340529041208
0.9560638425690908,13.300433754452975,7.726760711940004
0.1361803285690121,10.739245966659897,3.2907848648603224
0.49608368256804153,10.205388697937762,4.2050129567918235
0.6762182104229941,12.389014373907148,5.874202928113175
0.9253420556092758,13.489281652342134,8.167796454266727
0.5499326990011112,14.726990479497296,6.025667323586983
0.37330755298746915,11.203265271826842,4.940131143730319
0.6232684714610653,13.061762541036392,4.9978682635723795
0.13593344538647628,12.279574330706794,2.7657542906391765
0.5404321173571943,11.057116276402615,5.275730136610184
0.35075819694916754,11.43125247750103,4.713262151470527
0.7033226040542897,11.026589835587382,5.357048146918128
0.8514352439657468,13.01985538071162,6.806195934904688
0.08121180426425119,12.6626685018042,3.201166278313737
0.3651141809693989,10.527632011326027,4.903530137490758
0.02104699627006817,7.998776746780361,0.8779705941621095
0.8417360448545875,11.739165948735371,6.694097696763917
0.2616606094011129,11.699628151203022,4.410755271234617
0.9159371441960537,13.065374569128203,7.609877121007585
0.28494915914143304,9.605001248907515,4.50124051994658
0.47576608540673593,13.176845369364852,4.317416164436587
0.9312304204533379,12.69711776813385,7.71524760171781
0.4219090756275698,11.022456042113953,3.7511357198215927
0.5160912914025139,12.472437676900785,5.514389059989238
0.35496029341077967,10.430956813898847,3.5923554906706197
0.12914954579022817,11.059486114716387,2.3649949347062575
0.4688626163782942,12.232273523040282,5.474930550558397
0.44629129717571786,11.816843302880237,5.099418015401375
0.14451629583775755,10.951866244972214,3.6737103121790984
0.4284511198579064,10.375122741780169,4.584359507169703
0.6588715842380273,11.159764193143257,5.581690579646471
0.19902762933203202,10.474125047231329,3.6085693378358705
0.6903802977181208,11.983016656532719,6.25874590727972
0.21143185491931504,10.590437383102618,3.4160520150554197
0.8560431807038523,12.294174733239352,6.668898632882266
0.1256607887151049,12.015846098346097,2.7729069875810053
0.17460780707076548,10.450958178950403,3.7408982261738477
0.8300398053104846,11.922845107579116,6.8092309924640615
0.7394909773319869,12.951239477297019,6.307391555335007
0.762678771543714,10.990586550816191,5.86411837664114
0.19618575620524986,12.241363719360697,4.023173583729111
0.7950850145479167,13.119706775277804,6.651935139091246
0.8492986752120454,12.84591625131721,6.97232401381296
0.20252718243743464,11.650338148826798,3.501944655138951
0.24527965247607153,13.606273071869065,4.211225552466537
0.8701384936214426,14.194053761130725,6.676738209256122
0.6108093200730781,11.04364194920262,5.387033481191828
0.26934860265476923,12.13418839385098,4.155058189242203
0.5635113452073777,10.467908844214538,4.592630936654687
0.80223350831235,12.603995186333568,6.4658216864936
0.35553284117155526,11.450681462218313,4.603526765143526
0.23009963002361902,11.594974111172982,4.3127498925871794
0.8176799168671789,12.223338692634334,6.688348060992746
0.572979647957108,12.366727149947154,5.348997506522025
0.736794595471297,12.14559567571729,5.6268733743963235
0.40291419084013796,10.2455121946636,4.448612539186368
0.7420881195382574,13.917913566069638,6.655164671218614
0.8464225078849794,11.032907675743946,6.784947344617222
0.19169974895276223,10.450743624281248,3.3605791917993786
0.4153529320042604,10.043402794587875,4.1505010289261355
0.6698458481239256,12.335413191386563,5.899054279688245
0.18788221454925633,9.7990353722652,3.4764050139068425
0.9689753659277545,13.942835049644257,8.186968264426936
0.7778306989069073,10.143702419587598,6.323421978165065
0.7523259704142025,13.139040784093307,6.407192651766753
0.19587438425461953,10.413504693821462,3.2765783236694297
0.7977899284626774,10.642761123941035,6.008685720626587
0.28495317504799345,9.913228620709633,3.6502573356838637
0.9539315048653868,12.217991726008941,7.048181003216514
0.08600476508087443,10.603252371738094,3.413065565705534
0.83386944470111,12.704344929694372,6.285943952152712
0.395063233427937,11.378658397240956,4.480478955937592
0.940789819441655,13.164019990177001,7.825126923834004
0.4354980553570811,10.888787415827437,5.6554322877799015
0.5455589253137446,11.158478907853176,4.961893469785309
0.28428135089183804,10.478219240597028,4.35765398163183
0.705361414357709,10.699900271387428,5.8510674591493785
0.9599288875315728,13.882461752941246,8.25539627693491
0.24309830061590026,10.483158069754474,4.077968854156076
0.024851057560198418,11.125650705401336,1.606973608632821
0.9703678231467736,13.562531542981073,8.811630824839767
0.14639950832510046,12.0867926523282,3.153192023213092
0.6153138138235141,12.331805648491489,5.560217755792651
0.8503278541119623,12.117099716496627,7.006223845275046
0.04865306705070241,9.166357446373395,1.992872241929845
0.6229251337139358,10.938795493627909,6.243530059410346
0.9598693851008777,12.939324527280638,7.578601869724701
0.4578851592020949,11.862986647643375,4.863205695854606
0.44781869540201574,11.054266009288556,5.119622549571851
0.08472346996260761,9.357696236688057,1.8656349685753209
0.3743008431738984,11.60079237450577,4.750348710841389
0.9248038129002151,12.855038578516046,7.491365767290061
0.062377790073929275,8.545150974697796,3.0606098197348697
0.10109507395000507,9.287848020610534,1.9137398018269465
0.6969900166117475,12.652864055744544,5.564032757377025
0.8182029299057613,11.770229044537174,6.591082382485972
0.12846092361358027,10.956192200511452,3.830963125070808
0.920784418731604,12.52683541971738,7.573729486116406
0.9678006627554235,12.816265113615533,8.506741409697675
0.5008739211306192,11.831952898455386,4.976841467529766
0.8358904400984123,12.424362551700838,6.1945931026329
0.02209798871026659,8.9583933144615,1.2617883295640382
0.9708548602239615,12.695180317666926,7.9018132722995045
0.18172032505393257,10.887356699453447,3.4775627747049196
0.69553032570045,12.542074590097572,6.118468240060931
0.4328827545039616,11.288802778744365,4.554234958780334
0.34093736852917667,10.959449441055003,4.259660867607742
0.6001857663230215,10.609169992725503,5.07700345272038
0.18074801670481297,10.893631836538763,2.985963114649841
0.9388614863442023,13.626361890879192,7.974769064224749
0.9102816023396239,13.737604745936931,7.389480277260518
0.21659036223976255,10.987518337668527,4.7956706310867725
0.46391579214740797,14.284547066408848,5.905308963702066
0.056251292554238844,9.12971688351698,2.078737493589514
0.12213305997546363,10.516819928086722,2.9739302687560647
0.7540923239574103,11.863798017612622,6.064637619174994
0.923285649604066,11.901168883209838,7.92926868873159
0.7661673915575382,12.139376572729917,6.31552724021746
0.2794991761237048,10.43009791954583,3.529691303164573
0.03137488642520656,9.882127381188818,1.2747293611196033
0.19979304518939991,10.948722852541968,3.166699791539763
0.7740422358103568,15.268589499859225,6.787256047627619
0.7836241796264082,11.812142931475377,6.167221702201837
0.9756585754209334,13.068374968761255,8.518102054238033
0.7431687797483061,13.866866346373316,6.381699910451768
0.2480599854832645,9.380778568193048,3.65968184185244
0.9046681448843948,14.325600412116092,7.552525255681893
0.17119382771899888,9.242826596262722,3.170105437118263
0.17667708998411913,11.878274650022771,3.5568842328043284
0.8183156768817582,12.507993212520207,6.867389258357022
0.7416471419833535,12.738083574607497,6.66698052018211
0.677286332180686,12.316903944215467,4.66084721909603
0.7293313207278386,11.385087405585985,4.986438392147359
0.6108975167337403,10.517812610925585,4.62867052853052
0.8791599121406443,13.214414216553415,7.842799092103408
0.9572765351042458,13.923135440060843,8.228013992930773
0.06952989841921974,11.76653151256848,2.774450524581774
0.24405227323170342,11.163159521262523,4.12568479027674
0.8699264401692217,12.351436727662648,6.802567815152762
0.33591733804997803,11.737774251157312,4.972306355071842
0.8909591268990561,12.805116007117642,6.547862713169607
0.294135368020438,11.680081504829893,4.416655986005785
0.9178402030104102,13.940179129443159,7.455146473667915
0.17406336354452961,10.827969070952197,3.388846849337071
0.3897794299089596,11.881139698957293,4.258591906720876
0.8046671355213106,11.77662787583894,6.6507478702596545
0.9677857735506757,14.763578408203095,8.614098726257865
0.8880870087220271,12.030786164581956,7.012497304111258
0.9739721960798509,12.9311768888492,7.9802974832539135
0.9922862810786872,12.970197134948695,8.62110124547246
0.8347471520231656,12.96006038170593,7.077098736771911
0.5487519387578691,11.891292340911484,5.516867595390946
0.5730368325031984,11.016769450670077,5.0609877430255565
0.01986315999146422,10.143974977147627,1.019121526385536
0.22239634717975182,10.66168077448749,4.203858640211287
0.17038987837910893,10.717352088039018,3.011350083444364
0.12734895358201687,10.162366939450852,3.097049384152124
0.47547828294982153,10.753678125058569,3.891941305313335
0.060069196117490675,10.205114663585064,2.02063406912498
0.6079562033020509,12.102667933047623,5.099456535963071
0.9276414474108158,13.458741341841549,7.702411180746804
0.5968993912065588,12.479077247816187,5.769340108194186
0.6321058334862955,11.90185299114064,5.754986497530629
0.8849670529802626,11.475348493312024,6.316092655238824
0.11589428101026282,10.904582420395833,2.7933449188363224
0.812188103879649,12.354628369510431,5.702050259015815
0.010960132067114178,8.048907913380521,0.06308927175660195
0.9125365287147398,11.940928243402254,7.914736689374469
0.04132822103634739,11.311411763263553,2.1527859250146566
0.7785964458962398,10.981094782282264,5.679758388815548
0.8621685808517269,13.233402691911914,6.571903228616534
0.16419000207392218,8.984055792171475,2.9340663435254384
0.3894572799956777,10.857603065755463,4.320711414705455
0.8659113192929463,11.002069236325758,6.430234978390263
0.6477559954882817,13.193013802629048,5.6339895465779035
0.019938291618995706,10.812958081999483,1.2293317438131628
0.7998821171055405,11.64708276693803,5.489726124728191
0.19992866118234826,11.274643005062263,3.70437580484528
0.7464664688263823,13.180566999024471,5.94754758127131
0.4273260906668185,9.754651459113676,5.09132760626579
0.4194166183172911,11.615332091199551,4.762286555374007
0.7705646988598523,11.062894538392424,6.587868663347526
0.3672417161850594,11.27760192645826,4.288669320534955
0.6024787750362037,10.434774343489591,5.28338507564503
0.12251058564614178,8.832767418997584,3.075711094880045
0.7801549301371514,13.104204827977599,5.983911816563094
0.5282995634911413,11.455398057681588,5.500983597379171
0.025077712285633408,10.235876592322613,1.7189878070410094
0.1425869723116053,11.286120231485873,3.4955031186318513
0.7148382686435466,11.057081678666293,5.543893817573194
0.04265888751255617,10.66814940277143,2.1212237851038167
0.21446554826851857,11.301007687713911,4.025427420113589
0.12608118121843925,9.236447525567216,2.537629437612562
0.5107715417250003,9.338408277715851,3.9282851145222177
0.3123780915052625,10.678162170818036,4.315327472776998
0.8580587308750446,12.11347258754718,6.849908518276675
0.231117967315769,10.202393870452967,3.450017436096381
0.13252362473199586,10.842318703399963,3.387010420809146
0.7643788584033071,14.176546964960453,6.786662732554801
0.5659473581390259,11.887318498616294,5.229376420802876
0.3938877541825462,12.718579838013707,4.9051331106844085
0.9622174456767576,12.915350020081123,8.157229180380062
0.779612572291555,12.525860427317866,5.24638948977248
0.782140011374027,12.986053356307643,5.637542388112165
0.4382870194138773,10.619781478264553,4.6537021377584304
0.670805102593308,11.204079149521807,5.691195093336879
0.0582296873223608,9.535613836730665,2.1302974213011177
0.4527290439707797,13.111204515459836,5.063031072146238
0.6241223190917448,11.392908414580683,5.606628695675807
0.7205886031200622,11.483944611915057,5.877209827235228
0.174161125840604,9.805477345955376,3.092147210402804
0.17892897767197077,12.563640164835174,3.6333782268601733
0.0629426359308197,10.585927299530344,2.362606394999577
0.03274336882253655,10.108997631419838,2.1723583777802173
0.12753743472787715,11.10085811174644,2.8278701158377366
0.07159338267144716,9.583779138643745,2.146414590450715
0.26360223965402785,10.818779003599953,3.791900554323366
0.42290131413969,11.298193880517982,4.390378147618412
0.08782683466608915,11.443504005167991,2.840428815328906
0.9617817059431544,14.317223585437034,8.827250985948266
0.21992856585138335,10.531001117541372,3.540519889354834
0.4648958857770749,11.275392564865248,5.039690115679963
0.1677316163927512,10.38524630275877,3.7216253229228218
0.04225446620489441,10.028880242160902,2.2673613268022628
0.8633811656402601,12.081278042520228,7.025542759010273
0.8825893869693302,14.307484803927807,7.04185469243719
0.3413942316369328,10.011187905590313,4.65784118469861
0.845425851918387,13.42944599703899,7.286835645297916
0.521106464933629,9.287697500771253,4.8342207077754455
0.2097864082854406,8.938289484794552,3.6121996163222043
0.4391746870137977,11.821154334250103,4.894738110303084
0.09244170520574115,11.60301934441996,3.0018648704587885
0.3912380714290564,11.922986203549588,5.024493854807799
0.7706957285307527,10.22048247850485,5.420969995456225
0.261865198501959,10.651870745074055,3.7259064306780654
0.0029423188162904803,9.898049635816568,-0.9530526998793326
0.9193515224927162,13.285133821035929,6.951955061305008
0.37674918346909025,10.481328421242033,5.3173950110728265
0.031212496814890862,10.891227712674803,2.5159703303273675
0.7060092255535584,11.843609293756154,5.526512064882724
0.29036852567277716,10.416734933322521,4.0145742007723015
0.7246840434808349,11.704268750029563,5.892872263550568
0.33797217975743354,11.689454468548696,4.218422090904148
0.04185106018253171,9.995262822513572,1.8108984005417277
0.6017424368947122,12.526588595379957,5.5103276355905635
0.47888911095089304,12.462109973096302,5.177458465708892
0.7092877499099857,12.091912991771427,5.685350559386503
0.6905104026607846,10.632379767454376,6.362080390993084
0.8270417331352954,11.064801208775243,6.260288964399661
0.9089616931204559,12.799699468055852,6.818834279728208
0.4591873449677076,11.7788852780702,4.78610356511468
0.9291112864905905,13.90207829161618,7.725136401820289
0.11201903924862498,9.173406387589745,2.6369456588894664
0.9788704525699281,12.943894260276496,8.580044206592854
0.25212434713296566,9.785452954691085,3.071303525116744
0.17676200076012635,9.526992361961385,3.431477036467261
0.04420996869541799,8.523895601336488,1.6701674691840478
0.8808968479439107,13.246822833279413,6.694947188485389
0.6868706409935127,11.965942089738348,5.079272459156885
0.04318835403251655,9.99467661742017,1.8876230632841562
0.2355945936705457,10.257961122290679,4.262782934452014
0.45065382757431394,10.837862804040908,4.557869405293146
0.5397084098183788,11.75387875291601,5.954037328931815
0.36419252246048056,11.125730785146784,4.44825085481517
0.14238040139780547,11.42063910550071,3.8970419006346426
0.8284686350538661,10.430849119975827,6.246751456915459
0.8902849730230981,12.279334656121044,6.905925400779933
0.9181842688059628,12.22884785630028,7.375002043574276
0.588965980908879,10.75966051392743,5.301788426901659
0.3849365405410882,11.327582578674425,4.447295040291312
0.5952756394409023,11.219421300202843,5.581591545281509
0.6064256435960013,10.689467137116912,4.945106397797248
0.3357202217490828,13.638976047849695,4.831750721620883
0.972531387669624,13.095816432392963,8.926042864233946
0.7181505657265824,11.588543597779365,5.866542834101423
0.916880271099449,12.602519027695568,7.857191192249319
0.2670523906695004,9.971407541260977,3.869439787349638
0.9411326088972923,12.706377428186794,6.925541039756995
0.3358198541821034,10.856408925089802,4.144452208084478
0.18108748670523242,10.385104035454832,3.260656096233706
0.1101829822042106,10.112870374906628,2.2299035755571097
0.38065466808755155,11.895458831433311,5.586108976902686
0.7380992412256692,12.052442041118937,5.833955560670697
0.8487927940275917,11.754123548706056,6.171192083632645
0.6783039733514101,10.569581933839594,5.466303275233672
0.6363667813272837,11.398645884826287,5.7498124425908355
0.2109742191265193,12.08087089624979,4.384253728787829
0.7486844815471285,12.18860380271565,5.981120162443305
0.4218269225177226,9.654917814783072,4.581914538354599
0.03608454585346212,9.807321919772424,2.1788834902853047
0.2864862933409715,11.350199919751763,3.767146210523834
0.6342794101637609,12.070047819263948,5.953235558895424
0.860412423681874,12.187243364064141,6.376934760962099
0.46604416261114784,12.556070807619738,5.134577317040526
0.04361108268093694,10.806975408410722,2.3640199154793438
0.6674747223503212,12.088334551884792,5.645993844764956
0.1502143242175751,10.268415554302262,2.7835280181335618
0.005551308286063143,9.766196646193999,0.09304911273862537
0.6111964145849371,13.221792201548451,6.048748379861194
0.5065246310835712,10.651106486423709,5.268874767182475
0.18895638767236975,9.438201953494191,2.9854909744197435
0.2450387009922651,12.029488079149992,4.226964922236398
0.07181048840566555,8.25528272221568,2.489634838896701
0.13361864876068222,10.862945655330876,3.5931753982565033
0.6949151131435161,12.563643592132822,6.344426544257312
0.9383874975550508,11.523888346315896,7.539755083707647
0.37348190971905415,12.518244022463206,4.083692688636335
0.90458633297145,10.876806628993496,6.579621704971674
0.9579506624984444,13.619544609753842,8.214399412113004
0.3634281899792446,13.146089971376298,5.085780178420475
0.2755133586735415,12.64782586792068,4.9399542747553475
0.5847521145300648,11.247437471495116,5.23190710736686
0.2222053059414346,11.840936579798564,3.8721002329440704
0.20525654671747337,12.055423893315446,3.9714573344232633
0.6528613131427542,12.145151918438094,5.335401506025024
0.42047069731122266,11.170258319687626,5.1265924242631
0.9312009170767497,12.87306916929515,6.916394567263032
0.40399493248750373,11.101586920816477,4.421306190000166
0.910569387623409,11.909738404657517,6.957782298843007
0.4490444401451419,11.733789644969793,4.435823976552628
0.3665595735598473,13.123453474667027,4.605876181534282
0.06189011265186209,9.153396368566781,2.059290620816384
0.9256969267323671,13.862889834525815,7.403964544741317
0.5151315205299036,12.765067964628384,6.3899299828657
0.06937484012675925,9.300362791700858,1.4878017449265586
0.41629664436627856,10.5991094870609,5.129136175347634
0.966388559214991,13.29852899494036,8.439124224206314
0.7776573972244073,12.052778306856027,6.474263010144691
0.8771295347176856,12.969860214514325,7.360372043496332
0.08713120479285019,10.131681504873658,2.6395724416407984
0.9448271185143542,13.43860357164731,8.373460584263253
0.5568126067706027,10.705425884695668,5.06215132345762
0.873865532021748,13.144182085118986,8.027244333092522
0.8084125207278466,12.007808529810669,6.47554587593504
0.9438906458685704,12.736691785450883,7.818137387855529
0.16983788346698966,8.975596855716564,3.017640182944433
0.5429480150456598,11.105319303164508,4.732778442877934
0.5327831741101673,11.211315077810111,5.42013814875173
0.4037463716875201,9.679776679570757,4.289084702345017
0.904203392024221,12.83490645727934,6.513480719343313
0.09283945152870596,8.227207489480511,2.5045824940358354
0.933593834049789,12.611322422418493,7.2561810566153335
0.5700370541625378,11.48562376224633,4.830995535627584
0.025334380966991043,8.770444372406102,1.219481873926071
0.6038213723479574,10.90339642080645,5.293523352270723
0.6304125540833213,12.618902018576847,5.6109265535795485
0.0832267594236499,8.830437464482515,2.590189788115667
0.3000573290060421,11.319874183785556,4.79868804508677
0.7456099411167073,12.359141123996926,6.549123631050123
0.04873317678372438,10.985029189091096,2.0567733083932795
0.9864233813802509,13.904078579979217,8.976713707296712
0.5878010912188414,12.418829282223477,5.43492930975393
0.3232924247031155,11.60831060810633,4.266323012546551
0.3607879346832712,12.169421909381724,4.334996589942612
0.14635990815421332,11.161547959592086,3.724832338787437
0.6011616904905248,10.609334771961699,5.163713631356273
0.18043298524984017,11.13199344149365,2.5992965868344378
0.8418914619426131,13.00350576774657,6.9996914520668385
0.7761237279158836,13.273922071425664,6.698183764067029
0.5749964755838709,10.698083457420577,4.032291562199032
0.8414961165610185,13.061009998065073,6.986168668975185
0.5197773837393934,10.893483442627762,5.362649406912811
0.07831700504237345,11.099423223310719,2.7503114521691265
0.9634613259215593,14.008791500784334,8.882038657963005
0.7912266576664068,13.253416187745236,5.891012498357992
0.7858310345457347,11.589303859120848,6.21577634786636
0.4822871373887979,11.440568207392094,5.078752996655442
0.12809291990794064,10.508580059098959,4.028653974679226
0.08241417873351156,13.644732298072714,3.326595313835682
0.04446888740671149,10.04094853063839,1.533664363150747
0.6412791740700668,11.047905687652518,6.131408247710042
0.02708295782554255,10.30656061378057,1.8618431160015736
0.01120276810591891,9.36736412819062,0.054422321807563456
0.2703646682618882,11.38236637938974,3.6514168759673264
0.2856741157574676,10.70560804767548,4.024444541004453
0.7920557037927366,12.91002811194396,6.595951010105071
0.7040378042533426,11.852928614181273,6.3001631087852585
0.7113508272454626,11.887319618591254,6.722053258008324
0.5195813065190705,11.840852251143994,5.6537386891374055
0.5616726342995976,11.762906806843416,5.587850617810984
0.930073820666211,13.570108922082337,7.854381925498311
0.6002934590318059,11.760079055294131,5.467635674818747
0.9919289134274534,14.71691632280848,9.064314464286234
0.09175499582545815,10.186802012005693,2.7280108301879866
0.9921201785208666,13.277751626041926,9.226966859253567
0.8876633551832153,11.758885155295875,7.114379639999658
0.9361628609961681,14.30408514625784,8.130034224767467
0.18930776392131057,13.501552397663646,4.088387020432354
0.31704695222109097,11.001605772391471,4.032802735063596
0.7840945098206562,11.125429498552313,6.1808833918387
0.4686784092609177,13.038658428290706,5.407318954559306
0.2187511140631728,11.065136907085181,3.9293140910247555
0.34433726691770034,12.221218615382018,4.798129638686339
0.4127160585788623,9.696472127063052,4.467759858135816
0.5298636849688769,12.99021305594312,5.032918672763053
0.15023855076461015,10.214859558556936,3.325379811139131
0.8672005908333917,12.041820185705985,7.156599068263243
0.769081728921446,10.919551522291007,6.740784179151181
0.6258756674079526,12.38296905759337,6.4525807592835545
0.1021477383247792,8.885501262159899,2.766392040515319
0.51933651266163,12.813229276756063,5.562976451109071
0.9733537109612654,13.216668486072862,8.627772112150256
0.5216796276992802,11.985718973814855,5.665164380565184
0.34499085873713603,13.323356234598672,4.758038721866829
0.38323571493346964,9.875535504981235,4.872234238184153
0.3710064706799766,10.89321505824051,4.254939201620789
0.3913911856203877,13.456027085044003,6.113609969351256
0.9798405856832181,13.441278789277277,8.84969967067797
0.34700144835534197,11.512426554437582,4.832062379753242
0.8846305249306543,12.37204224384792,6.755654436792559
0.46020062563711395,11.128452717893984,4.705987322436127
0.10625482642317234,10.324908301969932,2.2661358848999136
0.6099514784461175,12.278466604582507,5.359213152697487
0.45025906090140866,11.875369453949626,5.209185968598706
0.6062361361006208,10.533684408122454,5.3855845451788245
0.40540044761125843,11.510151460169276,4.6365676180099795
0.12133412978510263,11.040838177839394,2.4176873471411717
0.20216008627723267,10.68606821304099,4.010637446273408
0.15355045418604926,10.25881163460973,3.076887727371951
0.35848222090620013,11.46153792454442,4.5740119248716296
0.5056059245402259,11.446801006204714,5.013899052674792
0.08810489084439928,10.084518175064131,2.6059076485721184
0.6328465300019268,12.594023836945858,5.567312415986338
0.5042213802545468,12.051115357496016,5.083693069733002
0.6768602393962997,14.147554630453236,5.922949231559096
0.21727369738582644,10.749992032203945,3.883554619721869
0.47057320858679463,10.449803368566833,5.831757376884692
0.979987642300692,13.698680094712762,9.253363189147864
0.8384168216290196,12.17181805909139,6.412139815380689
0.6338283043315575,11.150037847174637,5.41601830301248
0.84006770637266,13.763135005030126,7.0562091738484565
0.18637913354243632,9.161217582238454,2.8453801415873228
0.551527295790899,14.92441957325774,5.599518689810879
0.540454146686713,10.72784913540096,4.783394670021915
0.5536089658022699,11.709420529043005,5.43026179902976
0.06610280931740654,9.782072772160841,2.469876872007583
0.08181624130662522,8.524092809746197,2.3646590970667583
0.2218090159496813,10.096435721095954,3.6036457294841533
0.3861239328215252,12.062212896599048,4.681919073033354
0.6559295906384977,11.169662560823626,5.728636366116431
0.015195911326539363,9.11037334429712,1.109722318126232
0.9724315457434166,13.598228618760166,8.270778743853018
0.28998678292441293,11.439012327117187,4.777068630719736
0.5515855316823367,11.786607626920366,4.6690199086353985
0.8819169783988546,12.13121160704955,6.791166669017465
0.887363933187145,12.818091516513123,6.8401916580896565
0.9665174969100606,12.887599807436803,8.357408134047992
0.08972900373294028,12.738967077648237,2.7352275223425564
0.476927831329765,11.081669755891765,4.576113160215624
0.6326075788815898,12.990178688724875,5.6016381802672335
0.2693417251458665,9.666474922719821,4.0840395386867305
0.6740437345598822,10.952053594251154,5.5603629624567725
0.16791143773936185,10.894455866074091,3.620816586781946
0.5242798399258044,9.661133785189747,5.0335297064835745
0.5224221627748825,11.346783286859042,5.05241194970227
0.7590913658655956,11.034769560459011,6.189973572741506
0.44148770314673824,12.873122968769843,5.28334648057784
0.3833907229957898,10.158633928323237,4.527537041601723
0.16399904391639755,9.874605762864297,2.8070211580069926
0.6128640441710406,11.400397498323976,5.518109087904451
0.8403631824433399,13.135597287544305,6.873641221564406
0.015431289092083803,10.58636928775337,0.46400330188164396
0.04979526369540496,10.372356501552678,1.9126025212081121
0.3610377554233927,11.519194673917573,4.327410185288627
0.6445938945633103,13.343054184048547,6.204927107097029
0.9024300704205488,11.220203011307989,6.736984543496872
0.8666470338971517,11.811304704716513,6.654995091823663
0.12480252490948793,9.709048185019403,3.631382491631199
0.9350269242797072,14.568147041249507,8.493611950203343
0.1720766878448539,11.145183231334094,2.6217616236352375
0.2558624748010443,10.329914406618695,3.944771695449999
0.7381823984971265,11.675936375829695,5.965406667189184
0.6890842827830829,10.247180022898943,5.372200302604197
0.11155042391311369,11.357698813698129,2.8454288844545954
0.023396578426660403,9.525662868272923,0.996296541468007
0.5058070257123232,11.932237825668151,4.99983100936759
0.5474750609387428,11.616400015498732,5.151284713489407
0.9305904780901747,11.656983683566441,7.403711926950101
0.931757780308777,12.237849604404815,7.716472725319381
0.2116848148791826,12.724960327027762,4.051969816705955
0.49254720693130544,11.09691537395477,4.929317475415493
0.6229615151012146,12.715421413859039,5.757801233694189
0.3869886731199268,11.516080563032864,4.678555784227206
0.7200546270995524,11.269798138865482,6.221971056903538
0.3600702039742756,12.508927285016549,4.411371096631643
0.41826886632154175,11.842228679823267,5.229653604701522
0.07027725454857983,10.579401273115785,1.9854243653874069
0.5476764875272104,12.646428380066068,4.43116550532322
0.8045034000280367,10.395128827054155,5.986891608708582
0.44070419908642383,11.65038812163841,4.028332570368673
0.23137892690662784,10.988689008770974,3.4403704665793495
0.38572814175625764,10.382274920096526,4.008796875806671
0.5542718163494917,12.001982253383808,5.168305054867432
0.2116651068703011,11.977748718672423,3.756438603119824
0.269875871329699,12.596743105813161,4.067855667376158
0.16051771342092538,12.212712942393226,3.554952727232765
0.4526728493206874,10.543252583838171,4.8995516754272135
0.6968453909543606,9.796226598981738,5.628477292221147
0.18182923749345253,10.720853025121365,3.396307242955813
0.4076916649726983,10.216695181867895,4.12109852861471
0.5815362934798458,11.112923214695455,4.758955970272055
0.6811795105939739,11.845325572457698,5.65506968883261
0.7315424697074409,11.602990817474673,6.063461438626515
0.5024580087660045,10.559826944978713,4.788500529640453
0.5345175916667481,11.756990113364248,4.9783371734794715
0.725265028719703,12.124571866590065,5.952273725122084
0.27553104199505885,12.115483967539138,4.097387430565307
0.348111964962996,13.057423221576041,4.693013043008106
0.035622704883461816,9.236115677487039,0.76333593278972
0.03402421289234569,10.741882868066046,1.9081985346145198
0.3806258666279115,9.596566246472591,3.9801387949992133
0.7187189451819345,11.01909183208053,5.340834889328861
0.5880593987558203,11.920298185424581,5.051898619871979
0.3155218246238662,10.668710184156675,3.9021374791755576
0.7621321728743055,10.660623688045707,6.056705905953095
0.1603583584485635,9.810412001932134,3.2565634220480626
0.18184137522083446,9.480709013893115,3.3794662091465466
0.3683174793612071,12.296116298604478,4.503966449929337
0.9142268399592067,12.290188756573066,7.259453548781391
0.3761410073833031,11.104049039991972,4.054874061127606
0.3812944398040397,10.756961290700662,4.065177649220358
0.08410589835865247,10.027128200691294,2.1489001975915327
0.722428488293235,13.925521839180833,6.1961181737439395
0.272315731528945,11.763405255466669,4.236422724260446
0.12487188511713807,12.388435893213368,3.0905857338270946
0.18962919084045668,8.681990277727115,3.2152618970916
0.3981863780223171,12.372288833366714,4.924166427170451
0.8420651522575847,11.946053053511596,6.611698498828802
0.7429340956512983,11.491991340294861,5.539916736424558
0.6004204358968783,11.81206299900486,5.469552328816121
0.6104769491239116,10.730096258374738,5.450042804452487
0.9059011667095155,13.590760353189584,7.348614427832884
0.5219012433162208,10.53641428223143,4.675211024527795
0.15999963782411097,10.492045790931954,3.3786817617406495
0.6691801156585959,12.5253939478706,5.914686048739729
0.4424109901205347,12.1477863522777,4.737086998175159
0.9074343471040786,13.97941005743039,7.909329993553356
0.08072570120396691,12.514499924237752,3.259436867424096
0.04817069933725915,11.603946997837912,2.0929433134502644
0.3269579180730201,11.400138627696165,4.292459105070588
0.9170740349723123,13.808917458817458,7.495168082387541
0.6262318564323684,13.525594599170232,5.846384816450349
0.5278759824255471,11.741472989826947,5.128911688868717
0.5468114717854216,11.38492465040751,4.7595381444205
0.8051428229810096,12.02217037758008,5.805032142585112
0.018951021996486142,8.656373075296106,0.7446337530885775
0.9636426179239586,14.24963588103233,8.464182300903758
0.547199633005704,9.452120922217462,4.914574891903516
0.06396369183006051,8.912763495831522,2.723574990232893
0.36439929152276773,10.033532353685564,4.290382121999611
0.8594722624466761,11.612569183244196,6.409621109258458
0.830817658701024,11.702094930220637,6.727627832894102
0.8394730321112046,13.040819606761463,6.79043116196988
0.2709185239417748,11.292993438539924,3.672768758821396
0.9914293846700056,14.313532804065199,9.020215580527898
0.21704850165112408,10.82793247219423,4.559605169303565
0.07472882766511074,10.152972386898602,2.2897095848841356
0.8257690730599719,13.116814179378304,5.9632592782508
0.3063533617820405,10.883414436810373,4.12523618141177
0.21446415424143644,10.605978531670145,3.4137096349325926
0.8085436285828287,11.855435397331576,6.128691776163887
0.7623703546291497,12.278505180139692,6.71524673954046
0.9571640356580273,12.407245611501935,7.517839597809033
0.9369399669766084,13.923072431599458,8.182149044149128
0.8860642446613191,12.118692445610172,6.780782176538662
0.8892984013159727,12.135560404953981,6.515726287816347
0.39931948278202517,11.626525740337074,4.742928189697677
0.10513085083713995,10.565994854479792,2.614328657757666
0.5076450576060422,10.379324847151533,4.394865201835922
0.8196694777193252,12.16627692324662,6.134659631128665
0.24888511799632856,11.538779165273974,3.9275022127905714
0.2776325324268785,11.728463533661982,4.2296961187606525
0.4123303920417431,11.22264570144075,4.589355394728746
0.8658949560675036,13.133881677907294,7.435363001902074
0.08905012128792517,13.318501087748217,3.525647603348107
0.9373448302451158,15.928359938862943,8.818434468804782
0.14768289349080935,10.44999610235649,3.239426832930717
0.6451457016947004,11.80630800400547,5.597702867663857
0.6980427719844704,12.009624705673996,6.46880348582621
0.6290780875089473,12.143309949372842,5.971162288376019
0.9088246852893175,13.144649772152942,7.347299490501083
0.7163432915065691,12.727488160638446,5.714704599234876
0.6691899463087837,12.219970604580073,6.142607095307011
0.7685382523054333,13.552311243291907,6.748489859765561
0.41878808668424616,11.139859258885698,4.8128310659175035
0.8607998024841539,11.959255649109494,6.721995228420755
0.2604045794899898,10.848405181324544,4.193609346648675
0.8226819253812588,11.369191812410737,6.4646481686909505
0.664619262905657,11.472050570311723,5.1345883636522425
0.117127405360844,9.158517295679744,2.748972606361221
0.4839499086254437,9.723187341854947,4.830703427415395
0.8163482684329475,11.471882010298941,6.259364684091213
0.19816631999752488,9.694197667281461,2.479880377785843
0.7302271459457372,11.638851280130421,6.068993242898596
0.9217146748266035,13.393047337165928,6.4057145419424835
0.906669992227388,12.995860034347578,7.371497077529118
0.1432319125721689,10.186380246796675,3.1165657944884853
0.17582744552128202,11.793612262799117,3.6058698495678247
0.258027792738394,10.732052882075187,4.156881136111604
0.9542903758250756,13.31373279885909,7.5131660034826435
0.6802086367073896,10.661067442982814,5.686260323888492
0.34492634997356025,12.565258809535568,4.452295569651423
0.15611424245382838,10.146791519980995,2.914678481118859
0.7818997308538768,12.586432216470813,6.015338345739942
0.5915776359482218,11.100367633913345,5.6261806958813665
0.7608433698470501,11.87367273751174,6.406127046028676
0.047319182299383665,10.03974356508153,2.1587388644974217
0.8637382259775374,13.215010242235511,7.347723784120782
0.2837035316166087,10.702893464249097,3.93575547502568
0.06705687519421187,11.24766934868219,2.4891447929101407
0.21604048960406352,11.27023032202508,3.333987949459617
0.9539584241849197,11.496105413220906,7.341900687614047
0.04281042744389847,9.21770201104196,1.8801758198820924
0.2544105768460825,11.635554218162111,4.224872918401907
0.7285082033722766,11.996377850476273,5.377282210526463
0.8271613140618854,14.232334387188986,6.729035117923125
0.5334919487704732,12.102272123689437,4.297059878608818
0.822152980234142,12.345457710952402,6.185969014907468
0.07320670068118632,10.966872975392832,2.801431559720479
0.5544466654633395,11.72157158838277,4.7950188746297755
0.11491619679683644,9.652678943584442,2.9825189802265886
0.6087836602857032,11.37451168927457,4.712406069340538
0.9224107057180152,13.058428370842618,7.75821080625933
0.1955871686624322,11.299777792799468,3.1571438639577014
0.4914772666030801,10.574974342660946,5.208381481343228
0.6146489261598188,10.990356412345088,5.430416556446033
0.6053318028692982,13.172433071666553,5.929950971559648
0.16454093320316085,9.556779295378805,3.6041523883473823
0.048930632608308766,10.034015765930967,2.1423910592112265
0.34610296837564475,11.315758647948696,3.398113896851889
0.7970462524381409,11.234577310517272,5.75960687305731
0.08175201370783403,9.543358057154771,2.2519587209396503
0.4870056149610137,12.25525944088374,5.267228200643609
0.04782157517567247,9.489486397271731,1.4296556918158823
0.5163623534818307,11.621616300477205,4.790015464454136
0.21313549555813802,11.365458534035483,3.304237302091929
0.03354856919600842,10.383456139959128,1.9931093024192155
0.09052258147692181,10.62619395105234,2.4195296862962183
0.46031850020002524,11.878695200300752,5.107815888006146
0.4979822749817782,12.45760772310352,5.102014765419932
0.7665709000816755,12.49399097982796,6.135436694514996
0.06771617646323883,11.562739976440565,3.2531720170163316
0.8935896680289549,12.439501243682722,7.166147376233145
0.7254003943600594,10.35914830606584,5.480457082074664
0.011563048320892166,8.583651750871498,-0.0333859568117425
0.06438109560474105,10.715618270405852,2.3993473316086673
0.2501954192586366,12.459781860741924,3.9504916133456036
0.23596755378421602,11.374415011496875,4.153982005717077
0.37386038095497737,10.811740032792926,4.264042037795343
0.6516350981222326,10.356493105834824,5.0909462664646
0.33179538846146833,12.91885674682614,4.468208963349991
0.6668784047140922,11.378067421611957,6.009964490000147
0.2401607892040607,9.961182201757378,3.1039735056448103
0.4874604055993729,12.66332707049044,5.599598587000017
0.7223434835685855,11.894124878045599,5.953675488327899
0.11198216137412764,10.446462267395692,2.9754903252091434
0.874232679413492,13.707794091828037,7.147408792023213
0.4611091603299935,10.92952091130678,4.7872552854236865
0.5941911670651179,11.877613310766428,5.352369934433561
0.13087185762752965,11.372080659699222,3.2589236122547036
0.13250149017355847,10.899160172357014,2.682593031990028
0.08515068382617962,12.481760995633291,2.816155648275811
0.4645403251657085,11.28363719125464,5.040266915628559
0.2665055643363076,10.68304863828805,4.048562233833941
0.7161866501837562,12.896674061279588,6.167687605387714
0.6132303282189704,11.098161773483666,5.249025058848005
0.5651757955771424,9.653420481780781,5.172872686025907
0.06749236917116282,10.966108737719084,2.2506877571564825
0.08804624356673084,9.631917198106162,3.027114168028499
0.5239426256665661,11.309577585880444,4.828847424201433
0.7399248710756159,13.079930366603447,5.825326675259604
0.7505007962426096,13.120501975355001,6.393472986574637
0.389351109160621,10.344103936535472,4.433052216706022
0.3724478626714474,9.817755307197068,4.24338284899797
0.2607406339654233,11.87269699223297,3.7218044908503365
0.9705268754272225,12.89712141985484,8.425957625519908
0.847312604000741,13.171515461823935,6.034417784420839
0.8055843844885562,11.526444856382021,5.822008670104018
0.5729331551624891,9.853583794950307,4.944729527494511
0.37325911358405967,11.260941254747564,5.367485658611194
0.6467677732955616,12.727642733875667,5.497819845091386
0.6717825264612364,12.78743197546175,6.1268219869920815
0.4090412956897244,11.193164270023264,4.430918068707107
0.9591193259635524,14.131694892260365,8.407403391543111
0.2872039753838005,9.812232785810837,3.859278764827011
0.366258159762592,10.650167666417012,4.82298314814677
0.3762034655500119,11.203634824696568,4.338959874987903
0.8759443634696633,12.920122747882862,7.085766658505721
0.987389444781334,14.793790058986351,10.097424693582427
0.46211424630322034,11.502020122498134,5.096174482717099
0.2896935117658187,10.081986451512774,4.054735808130735
0.9476073718980818,13.003944202975921,8.284231847109028
0.9568556296864478,14.523161270876253,7.693029202253935
0.11128499014405285,9.177923940027119,3.4589308347993444
0.6753287816106235,11.076677429267402,5.752385069462796
0.4495613178066554,11.280858258716814,4.272609910889359
0.4384174652170249,9.698989025746034,4.597974286181961
0.36810337024114226,12.064240555185464,4.731558167485146
0.27925776503550076,10.2952719225313,3.8284319538345484
0.40458059406349944,9.782500103367648,4.402401092070163
0.04037480652932111,9.910792377440444,1.7926359459762085
0.36658518157731257,9.840763830423343,4.7213672378888525
0.028635968465701274,11.579392935937783,2.238448944950248
0.2455614617519326,9.746420235393456,3.768635142779284
0.5840773657478661,13.207322025275975,5.657434610031784
0.21101736641066882,10.29377075413689,3.7230158214030666
0.960665939670783,12.212969366587277,8.044057952084827
0.17963729990385505,10.283843153109979,4.007591043895647
0.9372892892427948,13.206076240471932,8.124569468308238
0.686445647152422,11.639846281661363,6.210674155251283
0.6171807204224057,10.808251410916801,6.053226595199844
0.7962220681423031,11.825521225327357,5.888022759557678
0.6291554815222176,12.99778746684044,5.227015043055394
0.30354001500887384,11.815868691136494,4.02368310142877
0.37348221944307347,11.490559662064822,3.944184302957968
0.45745798852305103,10.421698206307935,4.420210355607979
0.6735434420244166,11.345483824560027,5.836785660039314
0.790963151683916,12.167705915755114,6.226280882529732
0.6218016924269413,12.236856763778619,5.549305684959646
0.5901165632015525,10.6235145722401,5.17014098586119
0.04696680787309555,11.074353691309428,2.0521530100888636
0.4595245218966616,10.610105329034965,4.136413665939173
0.008349897620214305,11.076004003371274,1.1080011055721717
0.7254508860509565,11.398569113642555,6.24819740532588
0.8080135140691951,13.140372077766228,6.566152387713679
0.9177496039504449,12.567642348408201,7.292053962673626
0.21275219301572842,9.87573225662905,3.7171366691435868
0.3571663590346197,9.807744387530962,4.246987140932514
0.9240340343843262,14.594955171448325,8.207109380354305
0.019784916986257787,10.319388965289008,1.5494249220798153
0.3563556607920386,11.001740241128449,4.492064373201181
0.8824259448541552,12.63028736640584,6.7947885913095005
0.4350722617869208,10.024486268496693,4.680444954680666
0.9041988777286225,12.177824169715363,7.6558629590726905
0.8811736879925514,13.653089582091603,6.716411653650072
0.0571292724948653,9.797889176924645,2.05876886244153
0.6566617951462933,11.741523961870417,5.369669421504744
0.14314371724255928,9.291924731168152,3.0339496680504134
0.7771360016606148,12.86073492478124,6.597421903041655
0.12164282777990741,9.96478570545847,2.2264148457173514
0.9869626620750347,13.176341965288803,9.215637456533786
0.054496945173865094,10.663141779843151,2.4260329968501
0.7855533095764049,12.556275916567776,6.286383828616545
0.6737618229785579,12.927934571251974,5.882884401698633
0.436185601664406,11.229313834113057,4.563050861331126
0.17519316166015586,11.999833480905647,3.6755596102756307
0.7043170240487454,11.279616112734573,5.909635209025253
0.5914268250921138,11.704807211619931,4.679822800061215
0.39853752842448065,11.98630137149379,4.531371411829472
0.9649653483338532,12.470148535763032,8.114612488010458
0.7777528715606454,13.182860418710293,6.254939673732382
0.9491566443450857,11.800907466285516,7.969781349853464
0.8966581446250732,11.638273739726353,7.114690176398823
0.6659229202014109,11.15791782070724,5.168248807161849
0.6979126947544475,11.806337529458695,5.892993027737286
0.2737500348403456,11.983458266267915,3.647244997264844
0.9767452851281565,12.964138998852597,8.190797468088936
0.5272119924719308,12.801458845309648,5.254134928128762
0.1207644106417908,11.188314691120375,3.177746285596651
0.6586182626021055,10.4360218316732,5.410908236417027
0.3424795619518453,11.046578445697893,3.6489791888072394
0.15163111837094365,11.185596336967556,3.3469865740533296
0.3907878273910594,10.232049268799715,4.973815402396602
0.2783097382355121,9.792895548186731,3.277015845534713
0.30734080970547845,11.559782733307571,4.39474802926724
0.9236290512456095,13.53709099167256,8.242827874494612
0.2850817903481756,10.327216768439085,3.9544145462421607
0.26156904312292995,10.35115129214197,3.8263712135206944
0.36815088039905736,10.767378666270833,4.436055138300747
0.5792218376416751,11.993152029683522,5.581451181867431
0.36739879493443517,11.503535967339632,4.655904914608845
0.6690367417204044,12.05171831684329,5.664220246264124
0.3389417803396506,12.265789684230684,4.316049673495094
0.5341461073586107,10.041044533780145,4.7187505298095385
0.15556945220792381,11.193648844255048,3.987382399165355
0.059782533946370404,10.862535248561384,2.0251492740878843
0.3212992230852092,10.19935851641855,3.723162705921878
0.6337835607400004,13.314583425067282,5.953920133212073
0.09673778947274041,10.758686452698273,2.4271279180043646
0.744276413632397,11.813883032982003,6.109693367111162
0.8117395501477302,12.017297085994903,5.949581480768369
0.7180803189637854,10.27610520194531,5.22556895283245
0.19702715427421252,11.856224300216649,3.18379531432318
0.1208187119534115,11.623592538022162,2.6908294042391194
0.5883655975235434,12.765521908243173,5.800981651959759
0.15147375896137236,10.68719302776852,2.829787854248675
0.010556504399984746,10.067534166609315,1.6337060097264202
0.7221722632522867,13.489124661903707,5.842254878913918
0.3350016451417256,11.058095042185073,4.440169113202119
0.24241041989047293,11.343825551629894,4.211223890413454
0.7863585891723747,11.626588172109999,5.537616865173426
0.8965875416920772,11.8500520653529,7.078550056492262
0.8916248274476448,12.37872327601872,6.917527038664343
0.0938086625238697,11.436760533621925,4.041759934157069
0.8265741144542436,12.992176220200257,6.898658458961311
0.9421192392826536,11.893314114650076,8.168636582554477
0.03508701057632612,9.704362075935022,1.9609247591795196
0.7060263889859043,13.515277331196307,6.261578714008619
0.24724155493414549,10.345224339295973,3.5748345517519406
0.44608260475905626,11.11712889509871,4.711108433411354
0.2865163731042908,9.710513355481412,3.653956156409631
0.8054898042702612,12.908819063853572,7.070441269645197
0.2556914994417135,12.037760346604852,3.627757380064805
0.9929224186466502,14.574640629051288,9.70175441459345
0.6001786678290034,12.089226508403561,6.222233090751858
0.9915100135189594,13.753572990116664,8.384039743535844
0.4146518848291463,11.248837483070586,4.305327011158608
0.5110425761232228,10.897355386183555,5.248286341495301
0.4929252891455251,11.051435745805938,4.692684263971646
0.24644459690531337,11.348991079497763,4.8598056994229974
0.8859570567092462,12.956566484909763,7.763850553490608
0.7016229762936077,11.316832765285312,5.595341524196526
0.6709029752202638,12.65893630334535,5.596039451896757
0.943232522330119,12.50729318385182,7.722030288499501
0.13625507839810397,11.525100203169522,3.6416346788289276
0.06156435231272795,9.816767454814887,2.1779288339552485
0.12358968053740862,10.331699882556226,2.598180683571106
0.22831849650560535,10.089773334218245,3.734158365472281
0.028448952117621128,10.61547447045254,1.849158705753967
0.2021433468908697,8.980458685603812,3.814155793088666
0.6325881637450748,13.32563754872958,5.6636030549984495
0.03511273161721423,11.045563372896826,2.034219020849764
0.7788217943362347,13.351153812113433,6.824461914818006
0.33992754319207463,11.905018598080664,4.836687520542535
0.5925792380605657,11.48473365923054,6.258579566257626
0.5744860678218049,11.895331748883168,5.457460923367766
0.7687901497220635,11.945261734219274,6.626844746943686
0.8915832548741256,13.728478897651414,7.743412415332891
0.9799979280607442,13.825082236594014,8.598126953207965
0.8404105184675044,10.643123589269123,6.036071945442917
0.4729116782481349,9.962598206780719,4.523181673447442
0.8303357444390208,12.529069937833842,6.457698310492116
0.7394964970353736,13.827470031904529,6.645120831750066
0.7184190648252288,14.653699969331633,6.304411098441786
0.016035843141472793,9.281335149944981,1.2888093329396566
0.50629980934113,11.333115026711011,4.911303242392153
0.7848615509121554,10.951800253342682,5.86228490641159
0.8991321755778243,11.773092844222662,7.300581300410408
0.5917386525722259,11.896967572075207,4.872795114536209
0.1684516162581753,11.641969488041864,3.8498292609592073
0.0376326336647688,11.786607858046851,2.0805549354921244
0.26368113761864076,10.662039606933615,3.949337399970714
0.6680111172883992,11.459311559119072,5.527762557782793
0.5489214485305434,11.878188660401635,4.955404372312945
0.10765492330438713,10.357853766133692,3.1390674536967187
0.8695245770821399,13.219744296871609,7.225736378997862
0.795645543089308,12.5105084399209,5.941712298080977
0.97976612946425,13.597905129489925,8.513138736340505
0.7668756792672037,11.481034799141357,5.9227623334207875
0.7909807251415468,10.968088813999982,6.061678709682915
0.04372175736506094,11.88788713994601,1.5429741953865952
0.5390940079479551,11.272444114124676,5.280737708941017
0.25284152096865475,12.647237480735438,4.119151646238664
0.5373287676545885,11.844015160543915,4.71660354756712
0.37872058068516,11.26409939565764,4.424432472622527
0.4940117747825958,12.067733285376454,6.12838234907193
0.341967182431025,11.759219886152271,4.717868571949166
0.8369431121474069,13.793641947518156,6.753145081549224
0.045177941095668056,10.458901628718873,2.0293134534774255
0.3711550124107941,12.076401454221823,4.543457690730112
0.3744268492157794,13.937403396245355,4.923817630269022
0.03950626593477838,9.625967737580446,1.9018426504001684
0.3153726426668986,9.040977414734854,3.9098251354914644
0.1835739753640023,9.774018799380706,3.6238971435557703
0.8266638992834734,12.80565489437474,6.674678790592395
0.5729474970255934,12.996589261657261,5.595321913400513
0.566863277946031,10.95891244506117,5.1567708398403616
0.12755691122346607,10.056136958582794,3.6574580381861312
0.46573410144366945,10.555878084789597,4.877152469538472
0.8197073924711034,13.527930461244116,6.4272400413205455
0.30011713742652774,11.706551216630972,4.052408876385887
0.7714969680794933,12.737259462251165,6.359289936019083
0.048934644619431936,10.87629341052764,2.218650113956902
0.9240778164368659,13.836381522849623,7.643993768609907
0.24765131740698185,10.23148213876224,3.4036553745103073
0.8185146775283048,12.058256608497583,6.653872185735814
0.6839829455852818,13.053535910412077,5.840022829276263
0.9734234712036217,12.59056951980773,8.392303030325602
0.8411490472431857,11.629151753729191,7.1969014002990965
0.24158883749043872,11.392654657216333,4.643435853507434
0.02411793346618756,12.48712408947317,2.0862010669328583
0.9803199417650824,14.17108293169953,8.8505899788836
0.7514961647628899,10.809085375530746,6.158292227546892
0.8023548980303715,11.868789483782653,6.457985736716687
0.22670591864203452,10.791450848593424,3.8661918617137334
0.5130702597891755,11.511651753938331,4.72253504023365
0.07210275053359569,9.333339582266891,2.3573334106584
0.6842794036517833,11.851825024390218,6.073734039793292
0.050682112384337,8.560018969175905,1.7960134705216464
0.635959550236333,10.867381744637385,5.573777294809001
0.663644895273705,13.477097623587104,5.834856714932389
0.7234940697356437,11.038462251870715,5.833134087006744
0.9716707817408138,12.41359070244773,8.092093621704732
0.35439543069222623,12.104055633161886,4.213902635655566
0.9506862007591981,13.198182021037356,7.442796780813754
0.7610556852026787,12.822632148535913,6.671707649433287
0.13885171349362582,12.147116769784981,3.3601666035436963
0.8032422443369157,10.632912412216386,5.900667991243307
0.47592403217500967,9.727347268189806,4.6711751757470035
0.41299254615085046,12.30670791982064,4.634264300194336
0.035088735005766127,10.721393667603571,2.085436694433697
0.6096802766346886,11.28945447653909,5.1319189662632745
0.4938363565408726,9.57783495148534,4.605590593945878
0.4246235692560525,11.491192307708166,3.7338262226681267
0.2936564235894202,11.184560497056701,4.347330593136181
0.05560588392072786,11.858555444190019,2.4769151321042537
0.8906883948630844,11.570957537942796,6.081498047664294
0.09941077744611534,13.980384351456589,3.5652924479816877
0.7787133714664972,10.883782417864241,5.570648797661311
